 -1118
 -2460
  2817
  4595
  1801
  3243
  7924
 -3616
  -674
  -208
  2135
  3607
   260
  3274
  3424
  1006
  2936
 -2288
 -4794
  1018
  2308
  -940
  -137
   401
  3170
 -2864
 -3639
  -151
 -1504
  4302
  2190
   712
 -1168
 -1276
  2235
 -1503
  5653
  -577
 -1317
  7585
   919
  -249
  -862
  3592
 -3692
 -2426
  2533
  5049
 -2527
 -2767
  2108
 -1650
  1153
   149
    -3
 -3895
  1859
  1707
 -2861
 -7661
   521
 -3473
   921
  6115
  3284
 -4052
 -3838
  5238
  4681
  4415
  3424
  7672
  -774
 -1822
  3582
   598
  -954
 -3092
   649
 -3091
  1372
  3302
  4719
 -3429
 -2108
  3852
  -510
  4170
  4263
  2817
   829
  -553
  2740
   -86
 -2995
  1857
 -1528
  6080
 -3909
  3225
  2436
  2804
 -2812
  4096
  2252
 -1206
  2889
  2969
  1511
  6243
  2094
   760
 -2812
 -3894
 -1896
 -7498
 -4038
   796
  -744
  1094
  -377
  -407
 -1139
  -181
  2238
  1786
 -4070
  1686
  1623
 -1575
 -1279
   455
  -768
  -522
    73
  2081
  2779
 -2099
 -3497
  -523
    -8
  3228
  2268
  5348
  1634
   112
 -1859
 -1491
  2485
  2937
 -3744
 -5394
 -2007
  -263
 -1902
  1780
  2797
   657
  -168
 -1334
 -4500
  2206
  -191
  1481
   672
  3384
   858
  2050
  4118
 -2064
 -1422
  1428
   882
 -1458
  1316
  -760
   197
  -959
  2090
  1728
  1515
  1115
  4944
 -2046
  4081
  -499
  -480
 -2866
 -1504
 -1212
  -945
 -2439
  1925
 -1187
  -168
  -962
   737
   155
 -4928
  -452
   623
  4617
 -5973
 -1003
 -2061
  6093
 -2503
  -721
   797
 -4109
 -1365
 -2667
  3448
 -1438
 -1124
  -510
  -235
  3321
  -379
 -4383
  -678
 -2390
  -499
 -2429
  1850
  -632
  1843
  1771
   433
   831
 -2449
  -447
  2355
 -2189
 -2044
   190
  6361
  3051
   103
  -243
 -1495
 -5891
  2122
  2944
 -6523
 -4203
 -1282
   -24
 -2989
 -2053
 -1674
 -4144
  2683
  2043
  -407
   349
  -889
 -1651
  2676
  4152
 -3186
   896
   -16
  7146
  2645
 -2687
 -3358
  1680
  -524
  -548
 -2775
 -2425
   498
  4368
  4951
 -3517
-10528
   942
 -5474
  1808
  1957
 -2691
  1549
 -3519
 -3180
   294
  1014
 -3240
 -3796
  2538
   694
   652
 -4182
 -3314
 -1395
   715
  -908
  7118
   817
  -847
  3224
   430
  -104
 -1994
  -557
  1277
  1930
 -2390
  3999
  1927
 -9152
  2062
  -468
 -3994
  3219
  3639
 -3372
  2902
 -2001
 -2573
  3401
  2285
  3073
 -1719
  2208
  -508
 -1450
 -2266
 -3260
  2726
  1855
  -141
 -2268
  4122
  4618
  5388
  1991
  -389
  -390
  2776
  3016
  -994
   967
  1415
 -2707
 -1149
  2010
 -2006
  -408
  1106
  1792
 -1862
 -3287
  2363
   112
  1176
 -2404
 -2644
 -2364
 -4200
 -3273
  -769
   320
 -4214
   495
  1107
   459
  -365
 -2591
  2877
  4795
 -3833
   841
  4035
 -9004
  3200
 -3262
 -3994
 -1703
    83
  1318
 -4784
  1254
  2464
 -2059
 -2617
   149
  1451
  3379
 -2269
 -2373
 -1869
   120
 -3710
 -5930
 -5344
 -1305
  1439
 -3754
  1108
  1271
   277
  -394
 -2830
   838
 -2432
  3520
   398
  -169
 -1947
   136
  5976
  -995
 -1201
  -426
  5626
 -4600
  -246
  2067
 -1817
  2094
  1134
  5398
   -22
 -5525
  3537
 -4502
 -2470
 -3739
   613
  1873
 -1459
  1915
  4537
   414
  -122
   724
  3428
 -1685
 -1355
  2482
 -1914
  2270
  3690
  5310
  3146
 -2919
  3551
   607
 -4207
   500
 -3064
 -2506
  1832
   850
 -5172
 -3715
 -1969
  -729
 -1279
 -1376
   180
  -165
 -3563
 -1685
 -4999
  -354
 -1630
  1019
  -873
 -1284
 -5434
  4171
  2621
 -1623
  6275
 -1562
 -6000
  -323
  3297
   856
  3554
   219
  -933
 -1697
  3251
  -250
   272
  1015
   541
 -1508
 -1064
  1519
 -5103
  3339
  3061
   649
  3491
  1561
  -569
  3945
 -1911
 -1897
 -4517
 -1494
  3862
  4462
  -910
  1463
 -1203
 -3313
  -803
 -1384
  4942
  1408
  2682
 -3993
  1087
  2098
  -320
 -2958
  2200
   117
   941
   789
 -4431
  2399
  3223
  1947
 -2159
 -1508
  5184
  1072
   522
  2426
   164
  1127
 -3135
  1035
  3321
  -805
 -2355
 -3829
 -5247
  -131
  3391
  1154
 -1506
   -35
 -3607
 -1718
  1676
  1201
  1669
  -297
 -1813
  -446
  3884
  -428
   702
 -3167
 -1523
   598
 -1444
 -5728
     0
   858
 -1218
 -2399
  2959
  3658
  3410
 -3900
  -858
  2329
  6857
 -4162
  1058
 -4980
 -4620
  5197
   603
  -537
 -1647
  1143
  2077
   795
  -107
 -7028
  1436
 -4313
 -2115
  1985
   527
 -2688
  1000
 -1692
 -2922
  -188
 -5086
 -4645
  4413
  1703
  1697
   175
  1277
 -1916
  5576
   143
  4231
  -603
   749
  -170
 -6934
 -1954
 -1238
  1798
 -1290
 -4883
  2131
 -5289
  1889
 -2860
  -616
  3156
  2254
  1782
  -972
  6527
  4455
  2866
  2844
  1000
 -1326
 -1102
  2948
 -3635
  8115
  -908
 -2100
 -2925
   517
 -2606
   154
  1696
 -3592
  6079
  -891
 -3405
   695
 -2614
 -1396
 -7135
  1955
   345
  -157
  2892
  1928
 -2470
   598
  1329
  2127
  1538
   346
 -3124
 -1266
   985
 -2955
 -1125
 -2409
  2098
 -6316
 -3815
   889
   617
  8601
  4327
 -2817
  5204
   130
 -1140
 -2530
   342
 -1468
 -1330
  1182
 -3671
  5015
 -2189
  2109
  6191
 -1943
   338
   134
 -3912
  -232
  5094
 -1608
  -335
  3173
  1402
 -1562
  1116
  2944
  2098
  1752
   136
  -258
  2518
 -1874
  1111
   573
  2701
  6671
  2387
  2297
 -2010
  3174
  2736
  2820
  6303
  -815
  -637
 -2655
     8
 -4780
  1049
 -1881
  3310
 -2214
 -1032
  1800
  3843
 -1065
  1962
  4308
 -1567
 -3655
 -3925
  -133
 -1830
  2026
  -475
  4535
 -2028
  -826
 -8678
 -1392
 -2997
  2541
  2392
  4652
  3865
  5539
  4298
 -2678
  -596
 -2962
  2231
  2607
 -2688
 -4776
 -1872
  5056
  3901
 -1681
 -4339
 -1233
 -1308
 -1616
 -3156
 -3132
 -3890
  1846
 -1877
 -4683
   738
 -1120
 -1106
 -1904
  6014
  3384
   734
 -2380
  3020
 -1746
   589
 -2259
  -660
  -424
 -3857
 -1231
  5230
   260
 -1654
  2636
 -2145
 -1773
  5934
 -2928
  4262
 -2404
   555
   367
  3840
  5666
     5
  6349
 -1159
     5
 -1922
 -2712
  1961
  3907
 -1134
   526
  2822
 -1178
   633
    91
  2515
  4521
 -2573
  2145
  2436
 -3904
 -1278
 -1158
 -1410
  1074
   323
 -1923
 -1446
 -2172
  2661
 -1263
 -2299
  3901
  1764
  2678
 -2313
  2691
  5694
 -1052
 -1701
 -5099
  5150
  -794
   467
 -1039
 -8032
 -3200
 -4712
  3344
  4387
  1281
   540
  -752
 -4702
 -4766
 -1147
  2069
  3223
 -3121
  2763
 -1389
 -3416
  1130
  4565
  -185
 -2711
 -3541
   -86
  1036
  3050
   220
 -1796
  2800
  1308
   -68
 -1217
   661
 -1795
 -2653
  4490
 -1912
  5389
 -4451
  2004
   372
  1004
 -4796
  3344
   506
    81
  2493
 -1177
  -625
 -2506
 -1620
   156
 -1062
 -1207
    57
  3862
 -2578
  5335
  -651
 -1762
   298
 -1743
  2903
 -5429
 -3723
 -2253
   389
 -1315
  -843
 -5028
  5970
 -1937
 -2215
 -1258
  -594
  4205
 -2143
 -1135
 -1203
  1933
  -953
  -867
   683
 -1347
  2801
  3195
 -2861
  7376
  4502
  5990
 -1668
   735
  6805
  1891
   825
  7019
   731
  3126
 -2596
   715
  1845
  3653
  -173
  2387
  4789
  2552
  3048
 -6227
  2445
 -1685
  1139
  3286
 -2566
    99
  6629
 -5395
 -4393
 -1724
  3272
  1843
  3591
  1364
 -6650
  3189
   143
  1001
 -4601
  1804
  4256
  3553
 -2449
   501
 -1957
  -435
 -2953
  2701
  3657
  5642
   436
 -1147
  2163
 -4308
  1672
  4893
   923
  -625
 -2303
  -632
  -428
 -1943
   131
   101
   455
 -1856
   -52
 -4266
 -9152
 -1806
 -3136
 -2200
  6996
 -3272
 -2320
 -3250
    38
   868
 -3588
 -3032
  1752
   987
 -2063
   613
 -2329
  1418
  4438
 -1446
  -212
 -2637
  4819
  7797
 -1405
  1251
 -2439
 -3218
    74
   959
  -527
  1949
 -2087
 -2408
 -3126
  -286
 -1272
  -756
  1298
 -2655
  1651
  1412
 -6848
 -1187
  2989
   633
 -1495
 -1254
  1520
  1772
 -1602
   141
  1753
  1665
  3265
  2422
  5818
 -1718
  1102
  -543
  3099
  -440
   928
 -1599
 -2543
  2860
  4126
  -268
 -2476
  3897
  -621
  -705
 -2907
 -1630
  -250
  1528
   392
  3800
  2816
  1948
  -564
 -4628
 -2524
 -2834
  -760
 -1315
  2369
   795
  5183
 -1007
   -55
  1023
  1473
   -58
  -786
  -905
  1817
  1672
 -2164
 -5014
  3574
 -2011
 -7357
 -1075
  6487
 -3946
 -8954
 -1483
 -3075
  3959
  7783
  2009
  4729
  2592
  1878
  2327
  -757
 -2572
  -234
  5479
  2427
  5230
 -1116
  5310
 -1310
  3040
 -4068
  2249
  5235
 -1943
 -1857
   467
  -845
  2465
  -571
  2348
 -1498
 -6587
   189
  2420
  5318
  4812
   806
  5130
 -1902
  4453
 -2701
  4613
   177
 -4500
 -3426
 -1889
 -1823
  -111
 -1193
 -1832
 -3424
   784
  1108
  -120
  5470
  9117
  2729
   -72
  -652
  5689
  5423
 -2218
  -816
 -3223
 -4379
  4791
  -515
  -425
  2905
  3223
 -2779
   313
 -6353
  2335
  1761
  6732
  1176
  2027
  1363
 -2021
 -1821
   115
  4197
  -597
 -2055
  2131
  -403
  1256
 -1412
 -1453
  2389
   609
  1815
 -2317
  2273
  -455
 -2949
 -2363
  1877
  5246
  5260
 -5321
  3717
 -3228
 -1516
  2368
  1660
  3689
 -1821
 -1281
  5461
  1118
 -1458
  -800
  1108
 -3042
  -822
  2630
  1552
 -2231
   221
  1831
  1625
  4768
  3960
 -1070
   248
 -1955
 -1855
  2063
   193
   781
   555
    76
   914
 -2559
  4601
 -1731
 -3645
  1822
  -782
  -495
  1105
 -4908
 -4318
 -5628
 -3566
 -2649
   175
  1102
  2388
  -644
   814
 -1529
 -1629
  1253
  2533
 -1124
 -2640
 -2658
   746
  1734
 -6852
  3719
  1683
 -1597
 -2093
 -1055
 -1787
 -3210
  3304
 -6252
 -3938
  2258
    72
  1374
 -4560
  3892
  -976
   948
  2780
   979
 -1983
  -941
 -1363
  1196
   834
 -4598
 -2384
 -3377
  3429
  5838
   614
  -821
   253
   266
 -2458
  -243
 -2295
    -3
 -4347
  -279
 -4943
 -3533
  2935
 -1608
  3794
  -780
  3734
   454
  -780
 -1483
    17
  2032
  6076
 -7606
  1458
 -2077
   249
 -3018
 -3498
  2376
  -730
 -1990
  1304
  7730
 -2306
  2833
 -7697
  2900
 -2688
  -401
   261
   739
  4619
  5998
 -2008
  2800
 -6462
 -1206
 -2016
 -1230
 -5172
  1096
 -2934
 -1138
 -2100
 -6561
   -57
  4245
   779
   630
  -670
   683
 -5011
 -1569
  3985
 -3165
   109
  6922
  1794
   379
   111
 -4140
 -2186
  3771
  1261
  -124
 -2072
  2758
  2810
  3631
 -2571
 -2177
  -571
  1903
  3389
  3704
  5576
  1287
  7281
  2356
 -3836
 -1179
 -2453
    23
 -3569
 -2619
 -5163
  1235
   231
  5498
  1012
 -2245
  5073
  -705
  3237
  2657
  1797
 -2841
   -93
 -3660
  2160
   868
  1184
  2525
  -653
 -1098
  2378
   510
   294
   618
 -2774
  -819
 -1129
  4315
  1717
  4365
 -4431
  1236
  9226
 -3478
 -1828
 -1388
 -1626
  -876
 -1624
    17
 -2141
  2336
  1814
   774
   840
  4185
  2739
   423
 -3039
  -839
  7027
 -4864
  2880
 -4135
   109
 -2450
  4088
 -1420
 -3790
  2583
  5659
 -6866
 -1230
 -2303
  -929
  -475
   -29
   912
  -240
   499
 -2189
  4698
   496
 -5585
  2769
 -7485
  -319
  3798
   210
  3929
 -3165
 -1791
  1089
  -323
  2857
   722
 -2720
 -1479
 -4971
 -3360
 -2590
 -2355
 -5111
 -2282
  2774
 -1812
  1216
 -3677
   723
  2732
 -5506
 -4226
  -672
  -433
 -2445
 -1838
 -3918
 -2691
  -273
  2998
  2192
 -1005
  3663
  -651
 -5107
 -2315
  -675
 -3771
   645
  1602
   168
  -823
  2535
  -732
 -2344
 -2063
  3821
  1128
   318
   485
  1011
 -1039
  1919
  2301
 -1963
 -1628
 -2254
  -206
 -5954
 -1313
  4433
 -2226
 -1198
 -1546
  2498
  -420
  -620
  4729
  3783
 -5660
  2220
 -1006
   966
 -4948
  1126
  1329
 -3399
 -5138
  2370
  3186
  1346
 -4484
  2268
  2286
 -3262
  1364
  1048
  -124
 -4232
 -1151
 -3985
 -1641
 -3775
  3046
  -410
 -5806
 -1390
  1194
  5050
 -2757
 -4775
  1603
 -4825
 -1130
 -2528
 -7423
 -1681
 -2816
  1620
  3269
  2091
 -2938
 -4554
  -727
  2193
   455
  5051
  3091
  5147
   826
   700
   889
 -4747
   843
  3335
 -2257
 -1053
  1569
  -875
  -521
    73
 -2760
  1692
  3265
  -863
  1222
  -596
   472
  2748
  -738
 -1058
  2284
  -620
 -4900
  3468
 -1564
   -72
 -3268
  -648
  2752
 -2608
  3077
  -269
  -939
  5855
 -1489
   221
 -2414
  5064
  1079
 -3697
 -1194
   434
 -4037
   401
  2556
 -3242
 -1459
    93
 -3328
  2102
  6135
 -1493
   620
  6632
  -670
  4314
   232
 -2568
 -3758
 -1666
 -3687
  2045
  1831
 -2437
  2446
   200
  -130
 -4864
 -3473
  -237
  4832
 -5654
    61
 -3019
  2215
  -969
  2482
   906
  3167
 -4219
  1448
 -2516
 -3076
 -2028
 -2047
  1273
  1713
  3625
 -1940
 -1300
 -2261
  1037
  1974
  1736
  -776
 -1614
    94
 -1294
  1182
  -410
  4455
  2557
 -3089
 -1015
  1517
  7187
  5192
  3460
  4994
  -316
   749
  5137
  1323
  -137
  3113
 -1195
   830
 -4434
 -1465
  -331
  3203
  1641
 -1706
 -1658
 -3153
 -3509
  -415
 -1003
 -3595
 -1697
  1245
  1099
  3753
   -11
 -4105
 -1321
 -1407
 -4455
  5850
 -4464
  4241
  -891
 -1327
  2349
 -6506
 -5060
  2995
  1567
   295
  6459
 -5291
  2965
 -1401
    95
  1337
  -947
 -1244
  1080
   151
  -687
     5
  6383
  4892
  1952
   -57
 -1447
  3826
  2014
   693
  1431
  2198
 -1842
   -51
  -633
  3936
  3548
  2101
 -1839
 -6053
  -509
  1641
  -761
  8632
 -2012
  1604
  1916
 -3614
  -186
 -4561
 -2811
 -5987
  -361
  -759
  -465
   316
  -536
  3724
   758
   470
 -2972
   390
 -1288
    68
  -402
  1042
   310
 -1111
 -5145
 -5220
  3420
  1541
 -2029
 -2349
 -1261
   148
  2910
 -4128
  2502
  4284
  1798
  1250
  4618
  -458
  3886
 -2840
 -1412
 -1518
 -2742
  -797
  3227
  -554
  7724
 -1664
 -2102
  2773
  4669
  2912
 -3214
  1712
 10370
    16
  -100
  -798
   718
    26
  -772
 -5988
   434
 -1907
 -2985
  2005
  5755
 -4689
 -2091
  4195
 -1723
 -1113
   727
  6581
  -159
  3487
 -7297
 -1045
 -5845
  1032
   538
  1567
  2531
 -2963
  1485
  8037
   117
  5431
 -1077
 -1306
  1412
  2690
   908
  2111
   191
   235
  5283
  1935
   883
  5524
  -560
 -1493
  1033
 -1048
  2840
 -1800
   132
   -16
 -2164
 -1995
  3827
 -3468
  1478
  -615
  4609
  2867
 -1017
  -517
    87
 -2394
  3588
   921
   257
   193
 -5595
  4064
  -210
  -245
 -3413
  1983
  -709
   825
  1461
 -2244
  2766
 -1600
   926
   -63
  -779
  3264
  1860
 -3655
  4927
 -2184
  1926
 -3862
 -2120
 -3377
  2947
 -4048
   238
  3977
   -93
   631
  3565
 -7051
  1111
   582
    94
 -2794
 -1254
  -204
  -276
   614
  2614
  -927
 -2061
  5513
  2655
  1630
 -2890
 -1189
 -1385
 -6127
 -1511
  -329
  1017
  2944
  1688
   -51
 -1123
   770
  1348
 -1325
 -1231
 -6384
  2072
 -1620
 -2202
  3472
  -710
  4155
 -2633
  3589
 -1903
  1251
   589
 -2964
 -3484
  3581
  -235
 -3274
  -572
 -2698
  2724
   495
 -6765
  5520
  -846
 -1362
  -408
  2452
 -1070
  1004
  5150
   113
  3241
 -1020
 -4474
 -1020
  2034
   188
  1810
  1755
 -1077
  3370
  4236
  4340
 -3482
 -2922
 -1700
  1294
 -5708
  4596
   646
 -1681
  -471
   139
  4905
 -2102
 -2396
 -1741
  1375
  1901
    21
    46
 -2488
   940
 -2982
 -5622
  4040
  -806
  5240
 -1087
   765
   921
  -873
  -201
  3733
 -3108
  -158
  4244
  1354
  1749
   313
  1304
 -1426
  1921
  -501
   138
  1958
 -3801
  2023
 -2712
    14
  4208
 -1156
  2714
 -1146
  1147
  3889
 -6292
 -1616
   757
  2087
   580
 -3608
 -2882
 -2734
 -3901
  1645
 -2616
  1876
 -5001
 -1475
  3262
  -728
 -7131
   505
  4192
 -2188
   265
   735
 -5156
  1388
   636
   176
   579
  3653
 -2033
 -1883
  5537
 -3493
 -3245
 -2779
   496
 -1560
 -1624
 -1148
  4026
  1018
  -195
 -5065
  -272
 -1562
   236
  2670
  -331
  2843
 -2704
  7908
  3301
  4717
 -3537
 -1485
 -1706
 -2370
 -3238
  3978
 -2846
  1340
  2095
 -1853
  3180
  1228
  -882
 -8118
  6113
  -703
   721
  1733
  2219
 -1579
 -2063
   575
 -4274
   806
  2039
  4445
   770
  1010
   331
  5625
  3159
  5961
 -4356
   492
  2888
 -3822
 -1663
 -5395
 -2438
 -3758
 -1714
 -6018
   513
 -1383
 -9138
  2480
 -2132
 -1220
  4497
  -673
 -2158
   122
  4473
   759
 -1034
  2318
   140
  3076
  5372
 -4742
  -750
   204
   -65
 -6709
  -741
   287
 -2213
 -1337
  1031
 -1645
  -432
  4438
 -1011
  2489
 -4258
   584
  2777
   865
   254
 -3412
  -992
 12478
  2394
   862
 -2023
  1983
 -1022
 -6844
   568
  2858
  2873
  -371
 -6571
 -2435
 -1313
  -719
  3853
  5499
   476
 -2270
  1184
    54
  1456
  2952
   745
  3483
 -5617
 -4929
 -2261
   367
  2774
  -544
  3526
  2188
 -5112
 -1518
 -2694
  4916
 -3405
  1889
  -217
 -5779
 -3722
  3898
 -6164
  2452
  3184
   684
  1605
  2279
    20
 -4478
  -289
  2183
 -5672
 -2948
  1716
   372
    50
  -300
  2150
   640
 -3874
 -1398
    75
  1833
  1837
   751
  7052
 -3516
  -733
 -1761
 -3067
   117
 -1051
  3379
 -1405
   833
 -1588
  2414
  7304
 -4022
 -1177
    67
  5086
  -972
 -2045
  -937
  -355
 -4955
 -1846
   176
 -2660
 -3274
 -2724
   732
  -167
 -2381
 -4030
  -350
  4642
  4150
  -767
 -3075
  1011
  3363
 -2039
  3473
  3775
 -2273
  3927
  2985
  2097
  3751
  3629
 -1149
  2627
  -743
 -2443
  1525
 -1390
  1128
   386
 -4098
  2738
 -3802
 -5081
 -2019
 -4779
 -2657
  1409
 -1707
  2137
 -2051
   145
 -5025
  1672
   812
   527
 -3161
 -5070
  -340
   860
   254
 -5475
 -2891
   165
  3787
   -39
 -1409
   305
  4341
  1119
 -2813
  3346
 -3364
  3992
  5658
  -873
  1447
 -1921
 -1477
  2873
 -1221
 -4755
  -149
  -878
  4826
 -4509
 -1443
  2479
  3257
  1039
  2577
   264
  3162
  -131
  2433
  -247
 -2775
 -2973
  2519
 -3197
 -2765
  4169
  3709
  -585
 -1079
 -3381
  4757
  1473
  1563
  -340
 -1600
 -2120
  2288
  2636
 -3360
 -1845
  -727
 -3487
  -609
   851
 -1915
 -1281
  -495
  2330
  1610
 -1770
  -994
  4988
 -1260
  5240
 -2520
  4247
  -685
  1376
   838
 -2225
  -553
 -2705
  4679
   586
  2214
  1179
  1145
 -3953
  2781
 -6681
 -2051
  -387
  1805
  3748
 -3486
  7879
 -2461
 -1658
 -5344
   999
  7437
  -221
   945
   131
 -1655
  2649
  1235
 -5723
  2113
 -5326
  2136
 -2769
  1789
  -383
  -817
 -4078
  -168
 -2275
  1821
  5645
   773
  -179
 -3311
  -166
   496
 -3316
  5146
  1310
   766
  4908
  -584
 -1044
  2676
 -4087
 -2177
 -1007
  3053
 -2816
 -2830
 -1564
 -2392
 -2377
  1701
 -4061
 -2495
  -345
  3237
  3351
  2375
   967
  5475
 -1285
  4239
    92
   482
 -2431
   105
  -769
  -169
  2426
  2056
 -2690
 -2944
 -2606
  -632
  1440
 -2506
 -4018
  2862
  -177
 -3087
 -7215
 -4489
 -2375
  1923
  -580
  7038
 -3523
 -2311
  1036
   242
 -4068
   166
  -921
 -2677
 -2150
  2068
  3746
 -4074
  2472
     0
    58
  1946
  4483
 -2847
 -2299
  4679
 -1237
  2241
  2793
 -3041
  -200
  1544
  1874
 -2320
 -5910
 -1332
   970
   126
  -450
 -9038
  5246
 -1788
 -4467
  3337
  2432
  3812
  4113
 -1669
  2686
  -450
  2004
  1952
 -4425
  -689
   901
  1469
  1436
 -1794
 -2064
  4214
  1266
 -3108
 -5674
  5612
 -2585
   523
 -3607
  -547
  -871
 -2055
  1217
   781
   367
 -4063
  -261
  2189
 -1200
 -2398
 -2292
 -4250
 -1024
   372
  -779
 -3765
 -1968
 -4068
   309
  4131
 -4250
 -1362
 -2615
 -2249
 -1656
 -1752
  2553
 -2125
 -3646
  -846
  2847
  4953
   396
 -4038
  2031
 -1057
  -126
  2032
 -1066
 -5468
  2004
 -6888
  1218
 -2858
  1445
  4879
 -2538
   562
  -862
 -1362
 -2128
  1400
  1637
  1023
  6859
   113
  1464
   -94
   717
 -2147
   236
  3232
  2785
 -4889
  -841
  3337
 -2814
  -942
  3518
 -1340
 -1616
  -406
   293
  1155
  3560
 -1092
  -898
 -1444
   212
   870
  1012
 -4054
 -5404
  2298
 -7119
  -127
 10724
   262
 -2095
 -1349
 -1258
  3226
  1089
 -4489
 -1616
 -1452
  2250
  3064
  2012
 -2434
 -5524
  -884
   -92
 -1856
 -1034
 -2694
 -1907
  4119
  9438
   498
 -7078
 -2374
  2873
  2433
 -2489
  -261
  -970
 -2192
 -6858
   280
  3276
 -6556
  -770
 -1142
  3326
   706
 -2328
  1360
    21
  -285
 -1254
   294
 -1251
  -335
    42
 -4000
  3899
 -6063
  5508
 -2692
    36
 -1822
 -2762
 -2616
  1229
 -3601
   580
 -3428
  3645
  1313
  2115
  1331
   293
 -5361
  5688
   612
   312
  1280
 -2363
 -4269
  1523
  2843
  1035
 -5237
  1762
 -1510
 -3373
 -2323
 -2495
 -5995
 -2409
   531
  1174
  -956
   500
  1282
  -753
 -4161
 -4419
  4705
  1217
   145
   834
  3304
  4317
  -155
 -1950
 -2372
   106
  3874
  -677
  2225
  -631
 -1831
  2486
  -284
   752
 -1928
  1865
  8107
 -2017
  1183
   250
  -660
  -315
  3443
   786
 -3590
  1911
  7297
 -1972
 -5268
 -1640
  3786
  -251
 -4343
   973
   223
  1869
 -3041
  1040
 -3666
  1082
  -352
 -4171
  1051
   893
 -4409
  1901
  1025
  2478
   936
 -1126
  4084
  2094
 -2540
  -794
 -1134
 -2553
  5737
  6324
  2906
  2075
 -1269
   367
  4079
  -958
  4956
  -616
  1514
  1397
  5313
    94
 -6280
  2364
 -1066
 -1156
  1174
  -507
   625
  3947
  1541
 -6507
   843
 -2170
  4184
 -6336
   134
 -1784
  2480
  -389
  -223
 -2364
 -1656
  2593
 -3293
  -100
 -1920
 -1174
 -2406
 -3200
  1506
   281
 -3171
   -11
  2563
  -463
  1663
  -355
   -21
  -154
  -950
  3062
 -4350
  1220
  3140
  7177
 -1853
 -2102
  1022
  2343
   815
 -6340
  -494
  3487
  2333
 -2553
  6241
  2252
  -924
  1587
 -4047
 -4303
  2771
  3944
 -3800
  -743
 -1061
  -797
 -1859
  2348
  1768
   791
   905
 -7334
  2520
   997
  -499
  1932
 -1794
  3101
 -1923
    50
 -2412
  -411
  2425
 -1148
  -588
  4069
  2003
 -1829
 -4389
  3313
 -6663
   909
   573
 -2290
  1184
  1131
   551
  2919
  2431
  2106
  1834
   706
  4806
   160
  1030
 -4425
 -1761
 -6286
 -3678
   701
 -4849
  2903
  7257
  1432
 -3344
 -6356
 -1132
   831
  -267
 -1993
  -597
 -1632
 -3014
 -2568
  2354
   -18
   168
 -2020
 -2620
  1923
 -2163
  -476
   918
 -1169
 -1825
 -1320
  -978
  1588
 -5258
  -212
  3730
 -1090
  4388
 -2617
 -1961
  3454
 -3732
   857
 -1537
  1324
 -1512
  1260
   792
  2238
 -4590
 -7027
  2587
  1059
  1385
  1701
 -6137
 -2313
  6681
  2142
  1940
   -83
 -3575
   982
  -924
  5471
 -3129
    35
  2237
  -856
    96
  9509
  5671
 -5292
 -2672
 -1185
  -253
 -1705
 -5269
 -2030
  -582
 -7970
  1098
  2383
 -3097
  1649
  -307
  -307
   561
   660
  5170
  5006
    66
   698
  3982
  2666
  3298
  -955
  1943
  1718
 -2714
  3985
  7883
   478
  1496
 -1437
  6463
  -844
  8940
   -85
  5677
  1056
   124
 -2491
  1855
  1748
    44
 -2473
  2873
  3715
 -2741
 -2547
 -1299
  1173
 -1485
   271
     1
  1903
   -67
 -2174
 -1062
  2100
 -1096
  1262
  1926
 -3470
  1390
  6947
  1709
 -4677
  1585
  2681
 -5301
  3180
 -3958
 -2045
   791
  1736
   562
 -1975
  2197
 -1923
 -2049
  3893
  1863
 -1361
  -199
 -1404
  4040
 -1659
  -429
  4623
  -843
  2254
  4522
 -3325
 -6343
 -1396
   924
 -2967
  3579
 -1120
 -1052
  -814
  1150
 -2232
  -244
   202
    46
  2148
  4142
 -1104
 -2642
  2006
  3192
  1397
 -1827
   958
  -976
   -64
 -4106
 -3636
 -1432
  1181
 -2173
 -2887
 -3815
 -2203
   301
 -6241
  2001
  -673
 -3835
 -3180
 -1936
 -1759
   899
  -313
  -305
  2500
   -50
  -899
  -903
 -2901
 -2977
  -444
 -1318
  2166
 -7108
  -105
 -2595
   583
   801
  1437
  5159
  1297
  4439
  -688
  4198
 -5393
  1799
  1076
  1886
  3574
 -2236
  1829
 -2167
 -1063
 -1859
  1305
 -3895
 -1484
  3134
  3037
  -999
 -1466
  -316
 -1536
 -3530
 -2499
  7509
   576
 -3278
 -1916
 -2034
 -4743
 -1471
  5125
 -2059
 -4259
   -19
  -705
  -169
  8077
 -2097
  1874
  -454
  -837
  6489
 -1959
 -1993
 -4153
 -2251
 -1075
  -909
  2660
  3716
   562
 -3118
  -483
   915
 -3333
  2217
  -337
 -1657
 -2773
 -2901
 -1737
   577
 -3817
 -4331
  1354
  -158
   519
  -531
  -576
  2316
  1968
 -2476
 -1124
   878
  4423
  2279
 -5894
   488
  -162
  3264
  -247
 -2099
  -349
   839
  1975
 -3397
  7186
  1764
  3613
   241
   525
  4333
 -4688
 -2538
  4566
  5380
  2308
 -3878
 -3926
  5880
   861
  6643
   655
 -3239
  1682
  3138
  4877
  2375
 -5959
  6433
   510
  2008
 -2302
 -1872
 -1140
  1370
  3644
 -2658
   328
 -1106
  2609
 -4983
 -1686
   496
 -1322
  4384
   680
   214
 -4273
   -43
 -4966
  -266
 -2201
 -2895
  2374
  -218
  -347
  -855
  -351
 -1955
  2527
 -1729
   932
  2722
 -2278
  1708
  2169
  2217
  -435
  2473
  1081
 -1735
 -2550
 -4830
 -4922
 -2006
  2312
  -512
 -1117
 -1807
  -532
 -1128
 -4769
  2997
 -2657
  -925
 -1894
 -2924
  1169
 -5479
  2451
  2395
  1110
  3842
  1799
 -1647
  -672
  -508
  -142
 -4010
 -3996
  -394
  -951
  4441
  5410
 -3696
  2653
 -2667
 -2929
 -2301
   550
 -1540
  -553
   495
    66
  2512
 -2895
  1411
   -89
   325
  -836
  -964
    27
  -131
 -3766
  3620
  3437
 -4251
 -2802
 -2886
  1494
 -1206
  2861
  3033
    43
   311
  4738
   376
  -401
 -1021
  -389
 -3427
  1339
   449
 -1500
  -306
   602
 -3496
 -1342
 -4550
   399
  1905
  1643
 -1167
 -1435
 -1361
  3738
   800
 -2171
  4617
  6166
   100
 -4887
  4725
 -2709
  1167
 -1970
 -1304
   -52
 -2258
  1022
   128
  5186
 -4522
 -2257
 -1311
  6773
  6657
 -3044
   -82
   619
 -2897
 -2613
  2395
 -1279
 -3769
  1440
 -1684
 -2558
  2614
 -3162
  -194
  5411
 -1327
 -2478
 -6398
  -335
   -31
 -2014
   516
 -3550
  3498
 -2398
   918
  3787
  3099
 -4042
   176
  2188
 -2086
  3953
 -3659
   300
  1252
  5145
  1003
 -3634
  1614
 -7072
 -2492
 -1015
  5615
  -282
  2474
  2019
  1913
  -508
   -56
  1927
 -2739
  1883
  2481
  1829
   885
  5937
   -91
   117
   119
 -2674
 -2554
 -3777
 -4213
 -5393
 -1173
 -2028
 -2490
 -2793
  5259
  -766
 -3644
   708
 -4418
  2099
  3717
  1964
  -788
  -884
  -280
  -348
 -3924
 -2858
 -3320
  -290
   216
   324
   938
 -3454
   772
 -6404
  2532
   526
 -1538
  5637
 -3553
  2671
  -703
  2126
  2236
  2772
 -2466
   252
 -2234
 -3354
  3256
  3463
  2285
 -1268
   472
  -967
   665
  2437
  2913
  4332
 -2726
   346
  -160
    85
  1025
    40
  2018
 -3015
  3545
   565
 -4127
  2634
 -1680
 -2574
 -2780
  -156
  5470
 -4722
  1992
  2630
 -3770
 -1463
   107
  -629
 -2325
  5937
 -2383
  1319
 -1279
   554
 -1118
  -570
 -5272
 -1642
 -2416
 -4764
  -736
   783
  2925
 -4160
  1798
  1234
  2056
  2592
 -3990
  1628
 -4398
  2346
   986
    52
  5232
 -2866
  1912
   856
 -2386
 -2507
   137
  -326
 -3940
 -2383
  -895
  1552
  -582
 -5086
 -4186
  5662
  2462
  2782
  -456
  -484
   234
   633
  4431
   473
 -2837
   199
 -1857
   947
 -3145
  1738
   106
  1066
  -950
 -2846
   486
 -2665
  -343
   175
  -535
  2778
  2814
  3639
   235
  -199
 -2703
  -528
  -152
  2709
  -785
 -1821
  2535
   800
 -1170
 -4729
 -4503
  -739
   707
  2579
  5789
 -1592
 -1232
 -3096
 -1920
 -4324
 -2004
  1383
  3579
   101
 -1119
 -2973
  4161
 -3707
 -2729
 -1362
 -2230
  2643
  4165
 -4580
 -4508
 -1265
  1721
 -3278
  1234
 -5839
  -417
    84
  1028
 -1835
  1263
  -130
  2298
  4399
 -3315
  5114
   456
  -123
 -4683
   467
 -1511
 -2854
  -690
  1499
  -193
  2408
  2466
 -5186
  -400
  1109
 -1063
  2294
  -796
  2721
  2865
 -1593
  1523
  1443
 -1677
  2354
  3796
  4250
 -2384
  2950
  1898
  1885
 -1241
 -2172
  1850
  -269
  1691
 -1962
 -5394
 -3960
  -224
 -1529
 -2799
 -3840
  2340
 -1085
  2615
 -1193
 -1565
 -1719
  1657
  4037
  2957
 -1091
  -617
 -4501
  2197
  8105
  3721
  1056
   458
  2271
 -2623
  2642
 -4106
 -1679
 -1811
  -748
 -1946
  -280
  3960
 -6499
  -949
   -46
  -144
  1079
  -369
    10
  1008
  -188
   202
  4849
   637
 -1405
  2583
 -5882
   -50
 -1550
  -446
 -2651
  3365
  4643
   195
 -1725
  2965
  3669
   419
  -922
  1254
  1939
 -6951
 -4122
  4186
 -1726
  6966
 -5390
  3132
  5725
 -1811
  1706
 -5214
  2939
 -4559
 -1824
  2142
 -2829
 -2297
 -3604
    52
  -337
 -1227
 -3276
   382
  4744
  3906
   754
 -3290
 -7518
  1198
 -3507
   583
   388
  2112
 -1151
 -1337
   721
 -3005
  1038
  4432
 -1885
  5291
   173
 -5347
  3568
 10150
  4362
  -746
 -1630
   102
  5012
  1360
  1987
  6693
 -2014
  2646
  1171
   513
 -1035
  3145
  1143
 -4181
  3353
  2187
  2061
 -6233
  3708
  3190
  3398
  1764
  6031
  2757
   681
  1919
  1837
   443
   654
   950
 -4026
  2258
  1309
 -1705
  1442
   912
  1337
  3509
  -748
 -3318
  4387
  -385
 -2395
 -3207
  1047
 -3317
   881
  -325
   283
 -1015
 -1987
   493
  2673
  1153
 -4123
  1729
  1906
 -9212
  -801
  -733
   811
 -4169
  -550
  -338
  -589
   393
  6561
   877
 -3894
  1616
  1841
 -4125
  -338
 -3114
   297
   421
  1224
  2222
 -1937
 -1325
  6451
  1575
  2332
  5888
    38
   -34
 -2336
  2658
 -3072
  1350
  2305
 -2889
  2705
  -201
 -5224
   176
  3222
   282
  1729
 -4149
  3591
   397
 -1147
 -2479
 -1802
  2004
 -1130
  1752
 -1993
 -5837
 -1419
  -667
 -3904
  1838
 -2990
  1858
  -734
 -3850
 -3255
 -6265
 -1122
 -1546
  2853
 -1685
 -1102
  4186
  -984
 -1734
  -936
  -310
 -2960
  1242
 -3023
 -4283
   591
  -491
  1985
  -837
  -572
  2648
 -3515
   707
  7240
   692
  3232
  1712
  2265
  -395
 -2298
   120
 -2521
  7633
  -348
 -1752
 -3372
  1130
  5119
 -3169
 -1060
 -5124
  1415
  4517
  -685
 -1025
  1818
  4280
 -3543
  1521
 -3741
   543
  3046
  1090
 -7945
  3721
  1784
 -6124
  1628
 -2336
 -6443
  3725
 -1605
 -1701
  4103
   647
  3254
  -236
  2004
 -1778
   393
 -3559
  1209
 -2879
  -637
 -2001
 -3727
    99
 -3885
 -3439
  4640
  3018
   -26
 -1856
   418
 -2482
 -4168
 -3500
  -414
  -168
 -3170
  1284
  -734
  2588
  -710
   -88
 -1270
 -4350
  1807
  8437
  6109
 -2723
  3101
  1985
  2265
 -2147
  1875
 -2193
 -5178
 -4182
   266
 -2750
  2105
  3361
  4067
 -1369
  1250
  -688
 -2351
  -547
  4983
  1333
 -1520
 -3356
 -2763
  -977
   507
   313
  1533
  2457
  4534
 -1076
  2573
 -5209
  2962
   -30
  -884
 -2082
 -3086
  5228
  4503
  -473
 -2519
   517
  -607
  -787
  5522
  4916
 -3818
  -148
 -1766
  -340
  -659
  2513
 -2614
 -3728
