   0
   0
  32
  62
  88
 108
 122
 127
 124
 113
  95
  70
  41
   9
 -23
 -54
 -81
-103
-119
-126
-126
-117
-101
 -78
 -50
 -19
  14
  45
  74
  98
 115
 125
 127
 120
 106
  85
  58
  28
  -4
 -36
 -66
 -91
-111
-123
-127
-123
-111
 -92
 -66
 -37
  -5
  27
  58
  85
 106
 120
 127
 125
 115
  98
  74
  46
  14
 -18
 -49
 -77
-100
-117
-126
-126
-119
-104
 -82
 -54
 -23
   9
  41
  70
  94
 113
 124
 127
 122
 109
  89
  63
  33
   1
 -32
 -62
 -88
-108
-121
-127
-124
-113
 -95
 -71
 -42
 -10
  22
  53
  81
 103
 118
 126
 126
 117
 101
  78
  50
  19
 -13
 -45
 -73
 -97
-115
-125
-127
-120
-106
 -85
 -59
 -28
   4
  36
  66
  91
 110
 123
 127
 123
 111
  92
  67
  37
   5
 -27
 -57
 -84
-105
-120
-127
-125
-115
 -98
 -75
 -46
 -15
  18
  49
  77
 100
 117
 126
 126
 119
 104
  82
  55
  24
  -8
 -40
 -69
 -94
-112
-124
-127
-122
-109
 -89
 -63
 -33
  -1
  31
  61
  87
 108
 121
 127
 124
 113
  95
  71
  42
  10
 -22
 -53
 -80
-103
-118
-126
-126
-117
-101
 -79
 -51
 -20
  13
  44
  73
  97
 114
 125
 127
 121
 107
  86
  59
  29
  -3
 -35
 -65
 -91
-110
-123
-127
-123
-111
 -92
 -67
 -38
  -6
  26
  57
  84
 105
 120
 127
 125
 116
  99
  75
  47
  15
 -17
 -48
 -76
-100
-116
-125
-126
-119
-104
 -82
 -55
 -25
   8
  40
  69
  94
 112
 124
 127
 122
 109
  89
  64
  34
   2
 -31
 -61
 -87
-108
-121
-127
-124
-114
 -96
 -71
 -43
 -11
  21
  52
  80
 102
 118
 126
 126
 118
 102
  79
  51
  20
 -12
 -44
 -72
 -97
-114
-125
-127
-121
-107
 -86
 -60
 -29
   3
  35
  65
  90
 110
 122
 127
 123
 112
  93
  68
  38
   6
 -26
 -56
 -83
-105
-120
-127
-125
-116
 -99
 -75
 -47
 -16
  17
  48
  76
  99
 116
 125
 126
 119
 104
  83
  56
  25
  -7
 -39
 -68
 -93
-112
-124
-127
-122
-109
 -90
 -64
 -34
  -2
  30
  60
  87
 107
 121
 127
 124
 114
  96
  72
  43
  11
 -21
 -52
 -80
-102
-118
-126
-126
-118
-102
 -79
 -52
 -21
  12
  43
  72
  96
 114
 124
 127
 121
 107
  86
  60
  30
  -2
 -34
 -64
 -90
-110
-122
-127
-123
-112
 -93
 -68
 -39
  -7
  25
  56
  83
 105
 119
 126
 125
 116
  99
  76
  48
  16
 -16
 -47
 -76
 -99
-116
-125
-126
-119
-105
 -83
 -56
 -26
   7
  39
  68
  93
 112
 123
 127
 122
 110
  90
  64
  35
   3
 -30
 -60
 -86
-107
-121
-127
-125
-114
 -96
 -72
 -44
 -12
  20
  51
  79
 102
 118
 126
 126
 118
 102
  80
  52
  21
 -11
 -43
 -72
 -96
-114
-124
-127
-121
-107
 -87
 -61
 -30
   2
  34
  64
  89
 109
 122
 127
 124
 112
  93
  69
  39
   8
 -25
 -55
 -83
-104
-119
-126
-125
-116
 -99
 -76
 -48
 -17
  16
  47
  75
  99
 116
 125
 127
 120
 105
  84
  57
  26
  -6
 -38
 -68
 -93
-112
-123
-127
-122
-110
 -90
 -65
 -35
  -3
  29
  59
  86
 107
 121
 127
 125
 114
  97
  73
  44
  12
 -20
 -51
 -79
-101
-117
-126
-126
-118
-102
 -80
 -53
 -22
  11
  42
  71
  95
 114
 124
 127
 121
 108
  87
  61
  31
  -1
 -33
 -63
 -89
-109
-122
-127
-124
-112
 -94
 -69
 -40
  -8
  24
  55
  82
 104
 119
 126
 125
 116
 100
  77
  49
  17
 -15
 -46
 -75
 -98
-115
-125
-127
-120
-105
 -84
 -57
 -27
   6
  38
  67
  92
 111
 123
 127
 123
 110
  91
  65
  36
   4
 -29
 -59
 -85
-106
-121
-127
-125
-115
 -97
 -73
 -44
 -13
  19
  51
  78
 101
 117
 126
 126
 118
 103
  81
  53
  22
 -10
 -42
 -71
 -95
-113
-124
-127
-121
-108
 -88
 -61
 -31
   1
  33
  63
  89
 109
 122
 127
 124
 113
  94
  69
  40
   9
 -24
 -55
 -82
-104
-119
-126
-126
-117
-100
 -77
 -49
 -18
  15
  46
  74
  98
 115
 125
 127
 120
 106
  84
  58
  27
  -5
 -37
 -67
 -92
-111
-123
-127
-123
-111
 -91
 -66
 -36
  -4
  28
  58
  85
 106
 120
 127
 125
 115
  97
  74
  45
  13
 -19
 -50
 -78
-101
-117
-126
-126
-118
-103
 -81
 -54
 -23
  10
  41
  70
  95
 113
 124
 127
 122
 108
  88
  62
  32
   0
 -32
 -62
 -88
-109
-122
-127
-124
-113
 -94
 -70
 -41
  -9
  23
  54
  81
 103
 119
 126
 126
 117
 100
  78
  50
  18
 -14
 -45
 -74
 -98
-115
-125
-127
-120
-106
 -85
 -58
 -28
   5
  37
  66
  91
 111
 123
 127
 123
 111
  91
  66
  37
   5
 -28
 -58
 -85
-106
-120
-127
-125
-115
 -98
 -74
 -45
 -14
  18
  50
  78
 100
 117
 126
 126
 119
 103
  81
  54
  23
  -9
 -41
 -70
 -94
-113
-124
-127
-122
-109
 -88
 -62
 -32
   0
  32
  62
  88
 108
 122
 127
 124
 113
  95
  70
  41
  10
 -23
 -54
 -81
-103
-118
-126
-126
-117
-101
 -78
 -50
 -19
  13
  45
  74
  97
 115
 125
 127
 120
 106
  85
  58
  28
  -4
 -36
 -66
 -91
-110
-123
-127
-123
-111
 -92
 -67
 -37
  -5
  27
  58
  84
 106
 120
 127
 125
 115
  98
  74
  46
  15
 -18
 -49
 -77
-100
-117
-126
-126
-119
-104
 -82
 -55
 -24
   9
  40
  69
  94
 113
 124
 127
 122
 109
  89
  63
  33
   1
 -31
 -61
 -88
-108
-121
-127
-124
-113
 -95
 -71
 -42
 -10
  22
  53
  81
 103
 118
 126
 126
 117
 101
  78
  51
  19
 -13
 -44
 -73
 -97
-115
-125
-127
-121
-106
 -85
 -59
 -29
   4
  36
  65
  91
 110
 123
 127
 123
 111
  92
  67
  38
   6
 -27
 -57
 -84
-105
-120
-127
-125
-115
 -98
 -75
 -46
 -15
  17
  49
  77
 100
 116
 125
 126
 119
 104
  82
  55
  24
  -8
 -40
 -69
 -94
-112
-124
-127
-122
-109
 -89
 -63
 -33
  -1
  31
  61
  87
 108
 121
 127
 124
 114
  95
  71
  42
  11
 -22
 -53
 -80
-102
-118
-126
-126
-117
-101
 -79
 -51
 -20
  12
  44
  73
  97
 114
 125
 127
 121
 107
  86
  59
  29
  -3
 -35
 -65
 -90
-110
-122
-127
-123
-112
 -93
 -68
 -38
  -6
  26
  57
  84
 105
 120
 127
 125
 116
  99
  75
  47
  16
 -17
 -48
 -76
 -99
-116
-125
-126
-119
-104
 -83
 -55
 -25
   8
  39
  69
  93
 112
 124
 127
 122
 109
  89
  64
  34
   2
 -30
 -61
 -87
-107
-121
-127
-124
-114
 -96
 -72
 -43
 -11
  21
  52
  80
 102
 118
 126
 126
 118
 102
  79
  51
  20
 -12
 -44
 -72
 -96
-114
-125
-127
-121
-107
 -86
 -60
 -30
   3
  35
  64
  90
 110
 122
 127
 123
 112
  93
  68
  39
   7
 -26
 -56
 -83
-105
-119
-126
-125
-116
 -99
 -76
 -47
 -16
  16
  48
  76
  99
 116
 125
 126
 119
 105
  83
  56
  25
  -7
 -39
 -68
 -93
-112
-123
-127
-122
-110
 -90
 -64
 -34
  -2
  30
  60
  86
 107
 121
 127
 124
 114
  96
  72
  43
  12
 -21
 -52
 -79
-102
-118
-126
-126
-118
-102
 -80
 -52
 -21
  11
  43
  72
  96
 114
 124
 127
 121
 107
  87
  60
  30
  -2
 -34
 -64
 -90
-109
-122
-127
-124
-112
 -93
 -68
 -39
  -7
  25
  56
  83
 104
 119
 126
 125
 116
  99
  76
  48
  17
 -16
 -47
 -75
 -99
-116
-125
-127
-120
-105
 -83
 -56
 -26
   6
  38
  68
  93
 112
 123
 127
 122
 110
  90
  65
  35
   3
 -29
 -60
 -86
-107
-121
-127
-125
-114
 -97
 -72
 -44
 -12
  20
  51
  79
 102
 118
 126
 126
 118
 102
  80
  52
  21
 -11
 -43
 -71
 -96
-114
-124
-127
-121
-108
 -87
 -61
 -31
   2
  34
  64
  89
 109
 122
 127
 124
 112
  94
  69
  40
   8
 -25
 -55
 -82
-104
-119
-126
-125
-116
-100
 -76
 -48
 -17
  15
  47
  75
  99
 116
 125
 127
 120
 105
  84
  57
  26
  -6
 -38
 -67
 -92
-111
-123
-127
-123
-110
 -91
 -65
 -35
  -3
  29
  59
  86
 107
 121
 127
 125
 114
  97
  73
  44
  13
 -20
 -51
 -79
-101
-117
-126
-126
-118
-103
 -80
 -53
 -22
  10
  42
  71
  95
 113
 124
 127
 121
 108
  87
  61
  31
  -1
 -33
 -63
 -89
-109
-122
-127
-124
-112
 -94
 -69
 -40
  -8
  24
  55
  82
 104
 119
 126
 126
 117
 100
  77
  49
  18
 -15
 -46
 -75
 -98
-115
-125
-127
-120
-105
 -84
 -57
 -27
   5
  37
  67
  92
 111
 123
 127
 123
 110
  91
  66
  36
   4
 -28
 -59
 -85
-106
-120
-127
-125
-115
 -97
 -73
 -45
 -13
  19
  50
  78
 101
 117
 126
 126
 118
 103
  81
  53
  22
 -10
 -42
 -71
 -95
-113
-124
-127
-121
-108
 -88
 -62
 -32
   1
  33
  63
  89
 109
 122
 127
 124
 113
  94
  70
  41
   9
 -23
 -54
 -82
-104
-119
-126
-126
-117
-100
 -77
 -49
 -18
  14
  46
  74
  98
 115
 125
 127
 120
 106
  85
  58
  27
  -5
 -37
 -66
 -92
-111
-123
-127
-123
-111
 -91
 -66
 -36
  -4
  28
  58
  85
 106
 120
 127
 125
 115
  98
  74
  45
  14
 -19
 -50
 -78
-101
-117
-126
-126
-119
-103
 -81
 -54
 -23
   9
  41
  70
  95
 113
 124
 127
 122
 108
  88
  62
  32
   0
 -32
 -62
 -88
-108
-122
-127
-124
-113
 -95
 -70
 -41
  -9
  23
  54
  81
 103
 119
 126
 126
 117
 101
  78
  50
  19
 -14
 -45
 -74
 -98
-115
-125
-127
-120
-106
 -85
 -58
 -28
   4
  36
  66
  91
 111
 123
 127
 123
 111
  92
  66
  37
   5
 -27
 -58
 -85
-106
-120
-127
-125
-115
 -98
 -74
 -46
 -14
  18
  49
  77
 100
 117
 126
 126
 119
 104
  82
  54
  23
  -9
 -41
 -70
 -94
-113
-124
-127
-122
-109
 -89
 -63
 -33
  -1
  32
  62
  88
 108
 121
 127
 124
 113
  95
  71
  42
  10
 -22
 -53
 -81
-103
-118
-126
-126
-117
-101
 -78
 -50
 -19
  13
  45
  73
  97
 115
 125
 127
 120
 106
  85
  59
  28
  -4
 -36
 -66
 -91
-110
-123
-127
-123
-111
 -92
 -67
 -37
  -5
  27
  57
  84
 105
 120
 127
 125
 115
  98
  75
  46
  15
 -18
 -49
 -77
-100
-117
-126
-126
-119
-104
 -82
 -55
 -24
   8
  40
  69
  94
 112
 124
 127
 122
 109
  89
  63
  33
   1
 -31
 -61
 -87
-108
-121
-127
-124
-113
 -95
 -71
 -42
 -10
  22
  53
  80
 103
 118
 126
 126
 117
 101
  79
  51
  20
 -13
 -44
 -73
 -97
-114
-125
-127
-121
-107
 -86
 -59
 -29
   3
  35
  65
  91
 110
 123
 127
 123
 111
  92
  67
  38
   6
 -26
 -57
 -84
-105
-120
-127
-125
-116
 -99
 -75
 -47
 -15
  17
  48
  76
 100
 116
 125
 126
 119
 104
  82
  55
  25
  -8
 -40
 -69
 -94
-112
-124
-127
-122
-109
 -89
 -64
 -34
  -2
  31
  61
  87
 108
 121
 127
 124
 114
  96
  71
  43
  11
 -21
 -52
 -80
-102
-118
-126
-126
-118
-102
 -79
 -51
 -20
  12
  44
  72
  97
 114
 125
 127
 121
 107
  86
  60
  29
  -3
 -35
 -65
 -90
-110
-122
-127
-123
-112
 -93
 -68
 -38
  -6
  26
  56
  83
 105
 120
 127
 125
 116
  99
  75
  47
  16
 -17
 -48
 -76
 -99
-116
-125
-126
-119
-104
 -83
 -56
 -25
   7
  39
  68
  93
 112
 124
 127
 122
 109
  90
  64
  34
   2
 -30
 -60
 -87
-107
-121
-127
-124
-114
 -96
 -72
 -43
 -11
  21
  52
  80
 102
 118
 126
 126
 118
 102
  79
  52
  21
 -12
 -43
 -72
 -96
-114
-124
-127
-121
-107
 -86
 -60
 -30
   2
  34
  64
  90
 110
 122
 127
 123
 112
  93
  68
  39
   7
 -25
 -56
 -83
-105
-119
-126
-125
-116
 -99
 -76
 -48
 -16
  16
  47
  76
  99
 116
 125
 126
 119
 105
  83
  56
  26
  -7
 -39
 -68
 -93
-112
-123
-127
-122
-110
 -90
 -64
 -35
  -3
  30
  60
  86
 107
 121
 127
 125
 114
  96
  72
  44
  12
 -20
 -51
 -79
-102
-118
-126
-126
-118
-102
 -80
 -52
 -21
  11
  43
  72
  96
 114
 124
 127
 121
 107
  87
  61
  30
  -2
 -34
 -64
 -89
-109
-122
-127
-124
-112
 -93
 -69
 -39
  -8
  25
  55
  83
 104
 119
 126
 125
 116
  99
  76
  48
  17
 -16
 -47
 -75
 -99
-116
-125
-127
-120
-105
 -84
 -57
 -26
   6
  38
  68
  93
 112
 123
 127
 122
 110
  90
  65
  35
   3
 -29
 -59
 -86
-107
-121
-127
-125
-114
 -97
 -73
 -44
 -12
  20
  51
  79
 101
 117
 126
 126
 118
 102
  80
  53
  22
 -11
 -42
 -71
 -95
-114
-124
-127
-121
-108
 -87
 -61
 -31
   1
  33
  63
  89
 109
 122
 127
 124
 112
  94
  69
  40
   8
 -24
 -55
 -82
-104
-119
-126
-125
-116
-100
 -77
 -49
 -17
  15
  46
  75
  98
 115
 125
 127
 120
 105
  84
  57
  27
  -6
 -38
 -67
 -92
-111
-123
-127
-123
-110
 -91
 -65
 -36
  -4
  29
  59
  85
 106
 121
 127
 125
 115
  97
  73
  44
  13
 -19
 -51
 -78
-101
-117
-126
-126
-118
-103
 -81
 -53
 -22
  10
  42
  71
  95
 113
 124
 127
 121
 108
  88
  61
  31
  -1
 -33
 -63
 -89
-109
-122
-127
-124
-113
 -94
 -69
 -40
  -9
  24
  55
  82
 104
 119
 126
 126
 117
 100
  77
  49
  18
 -15
 -46
 -74
 -98
-115
-125
-127
-120
-106
 -84
 -58
 -27
   5
  37
  67
  92
 111
 123
 127
 123
 111
  91
  66
  36
   4
 -28
 -58
 -85
-106
-120
-127
-125
-115
 -97
 -74
 -45
 -13
  19
  50
  78
 101
 117
 126
 126
 118
 103
  81
  54
  23
 -10
 -41
 -70
 -95
-113
-124
-127
-122
-108
 -88
 -62
 -32
   0
  32
  62
  88
 109
 122
 127
 124
 113
  94
  70
  41
   9
 -23
 -54
 -81
-103
-119
-126
-126
-117
-100
 -78
 -50
 -18
  14
  45
  74
  98
 115
 125
 127
 120
 106
  85
  58
  28
  -5
 -37
 -66
 -91
-111
-123
-127
-123
-111
 -91
 -66
 -37
  -5
  28
  58
  85
 106
 120
 127
 125
 115
  98
  74
  45
  14
 -18
 -50
 -78
-100
-117
-126
-126
-119
-103
 -81
 -54
 -23
   9
  41
  70
  94
 113
 124
 127
 122
 109
  88
  62
  32
   0
 -32
 -62
 -88
-108
-122
-127
-124
-113
 -95
 -70
 -41
 -10
  23
  54
  81
 103
 118
 126
 126
 117
 101
  78
  50
  19
 -13
 -45
 -74
 -97
-115
-125
-127
-120
-106
 -85
 -58
 -28
   4
  36
  66
  91
 110
 123
 127
 123
 111
  92
  67
  37
   5
 -27
 -58
 -84
-106
-120
-127
-125
-115
 -98
 -74
 -46
 -15
  18
  49
  77
 100
 117
 126
 126
 119
 104
  82
  55
  24
  -9
 -40
 -69
 -94
-113
-124
-127
-122
-109
 -89
 -63
 -33
  -1
  31
  61
  88
 108
 121
 127
 124
 113
  95
  71
  42
  10
 -22
 -53
 -81
-103
-118
-126
-126
-117
-101
 -78
 -51
 -19
  13
  44
  73
  97
 115
 125
 127
 121
 106
  85
  59
  29
  -4
 -36
 -65
 -91
-110
-123
-127
-123
-111
 -92
 -67
 -38
  -6
  27
  57
  84
 105
 120
 127
 125
 115
  98
  75
  46
  15
 -17
 -49
 -77
-100
-116
-125
-126
-119
-104
 -82
 -55
 -24
   8
  40
  69
  94
 112
 124
 127
 122
 109
  89
  63
  33
   1
 -31
 -61
 -87
-108
-121
-127
-124
-114
 -95
 -71
 -42
 -11
  22
  53
  80
 102
 118
 126
 126
 117
 101
  79
  51
  20
 -12
 -44
 -73
 -97
-114
-125
-127
-121
-107
 -86
 -59
 -29
   3
  35
  65
  90
 110
 122
 127
 123
 112
  93
  68
  38
   6
 -26
 -57
 -84
-105
-120
-127
-125
-116
 -99
 -75
 -47
 -16
  17
  48
  76
  99
 116
 125
 126
 119
 104
  83
  55
  25
  -8
 -39
 -69
 -93
-112
-124
-127
-122
-109
 -89
 -64
 -34
  -2
  30
  61
  87
 107
 121
 127
 124
 114
  96
  72
  43
  11
 -21
 -52
 -80
-102
-118
-126
-126
-118
-102
 -79
 -51
 -20
  12
  44
  72
  96
 114
 125
 127
 121
 107
  86
  60
  30
  -3
 -35
 -64
 -90
-110
-122
-127
-123
-112
 -93
 -68
 -39
  -7
  26
  56
  83
 105
 119
 126
 125
 116
  99
  76
  47
  16
 -16
 -48
 -76
 -99
-116
-125
-126
-119
-105
 -83
 -56
 -25
   7
  39
  68
  93
 112
 123
 127
 122
 110
  90
  64
  34
   2
 -30
 -60
 -86
-107
-121
-127
-124
-114
 -96
 -72
 -43
 -12
  21
  52
  79
 102
 118
 126
 126
 118
 102
  80
  52
  21
 -11
 -43
 -72
 -96
-114
-124
-127
-121
-107
 -87
 -60
 -30
   2
  34
  64
  90
 109
 122
 127
 124
 112
  93
  68
  39
   7
 -25
 -56
 -83
-104
-119
-126
-125
-116
 -99
 -76
 -48
 -17
  16
  47
  75
  99
 116
 125
 127
 120
 105
  83
  56
  26
  -6
 -38
 -68
 -93
-112
-123
-127
-122
-110
 -90
 -65
 -35
  -3
  29
  60
  86
 107
 121
 127
 125
 114
  97
  72
  44
  12
 -20
 -51
 -79
-102
-118
-126
-126
-118
-102
 -80
 -52
 -21
  11
  43
  71
  96
 114
 124
 127
 121
 108
  87
  61
  31
  -2
 -34
 -64
 -89
-109
-122
-127
-124
-112
 -94
 -69
 -40
  -8
  25
  55
  82
 104
 119
 126
 125
 116
 100
  76
  48
  17
 -15
 -47
 -75
 -99
-116
-125
-127
-120
-105
 -84
 -57
 -26
   6
  38
  67
  92
 111
 123
 127
 123
 110
  91
  65
  35
   3
 -29
 -59
 -86
-107
-121
-127
-125
-114
 -97
 -73
 -44
 -13
  20
  51
  79
 101
 117
 126
 126
 118
 103
  80
  53
  22
 -10
 -42
 -71
 -95
-113
-124
-127
-121
-108
 -87
 -61
 -31
   1
  33
  63
  89
 109
 122
 127
 124
 112
  94
  69
  40
   8
 -24
 -55
 -82
-104
-119
-126
-126
-117
-100
 -77
 -49
 -18
  15
  46
  75
  98
 115
 125
 127
 120
 105
  84
  57
  27
  -5
 -37
 -67
 -92
-111
-123
-127
-123
-110
 -91
 -66
 -36
  -4
  28
  59
  85
 106
 120
 127
 125
 115
  97
  73
  45
  13
 -19
 -50
 -78
-101
-117
-126
-126
-118
-103
 -81
 -53
 -22
  10
  42
  71
  95
 113
 124
 127
 121
 108
  88
  62
  32
  -1
 -33
 -63
 -89
-109
-122
-127
-124
-113
 -94
 -70
 -41
  -9
  23
  54
  82
 104
 119
 126
 126
 117
 100
  77
  49
  18
 -14
 -46
 -74
 -98
-115
-125
-127
-120
-106
 -85
 -58
 -27
   5
  37
  66
  92
 111
 123
 127
 123
 111
  91
  66
  36
   4
 -28
 -58
 -85
-106
-120
-127
-125
-115
 -98
 -74
 -45
 -14
  19
  50
  78
 101
 117
 126
 126
 119
 103
  81
  54
  23
  -9
 -41
 -70
 -95
-113
-124
-127
-122
-108
 -88
 -62
 -32
   0
  32
  62
  88
 108
 122
 127
 124
 113
  95
  70
  41
   9
 -23
 -54
 -81
-103
-119
-126
-126
-117
-101
 -78
 -50
 -19
  14
  45
  74
  98
 115
 125
 127
 120
 106
  85
  58
  28
  -4
 -36
 -66
 -91
-111
-123
-127
-123
-111
 -92
 -66
 -37
  -5
  27
  58
  85
 106
 120
 127
 125
 115
  98
  74
  46
  14
 -18
 -49
 -77
-100
-117
-126
-126
-119
-104
 -82
 -54
 -23
   9
  41
  70
  94
 113
 124
 127
 122
 109
  89
  63
  33
   1
 -32
 -62
 -88
-108
-121
-127
-124
-113
 -95
 -71
 -42
 -10
  22
  53
  81
 103
 118
 126
 126
 117
 101
  78
  50
  19
 -13
 -45
 -73
 -97
-115
-125
-127
-120
-106
 -85
 -59
 -28
   4
  36
  66
  91
 110
 123
 127
 123
 111
  92
  67
  37
   5
 -27
 -57
 -84
-105
-120
-127
-125
-115
 -98
 -75
 -46
 -15
  18
  49
  77
 100
 117
 126
 126
 119
 104
  82
  55
  24
  -8
 -40
 -69
 -94
-112
-124
-127
-122
-109
 -89
 -63
 -33
  -1
  31
  61
  87
 108
 121
 127
 124
 113
  95
  71
  42
  10
 -22
 -53
 -80
-103
-118
-126
-126
-117
-101
 -79
 -51
 -20
  13
  44
  73
  97
 114
 125
 127
 121
 107
  86
  59
  29
  -3
 -35
 -65
 -91
-110
-123
-127
-123
-111
 -92
 -67
 -38
  -6
  26
  57
  84
 105
 120
 127
 125
 116
  99
  75
  47
  15
 -17
 -48
 -76
-100
-116
-125
-126
-119
-104
 -82
 -55
 -25
   8
  40
  69
  94
 112
 124
 127
 122
 109
  89
  64
  34
   2
 -31
 -61
 -87
-108
-121
-127
-124
-114
 -96
 -71
 -43
 -11
  21
  52
  80
 102
 118
 126
 126
 118
 102
  79
  51
  20
 -12
 -44
 -72
 -97
-114
-125
-127
-121
-107
 -86
 -60
 -29
   3
  35
  65
  90
 110
 122
 127
 123
 112
  93
  68
  38
   6
 -26
 -56
 -83
-105
-120
-127
-125
-116
 -99
 -75
 -47
 -16
  17
  48
  76
  99
 116
 125
 126
 119
 104
  83
  56
  25
  -7
 -39
 -68
 -93
-112
-124
-127
-122
-109
 -90
 -64
 -34
  -2
  30
  60
  87
 107
 121
 127
 124
 114
  96
  72
  43
  11
 -21
 -52
 -80
-102
-118
-126
-126
-118
-102
 -79
 -52
 -21
  12
  43
  72
  96
 114
 124
 127
 121
 107
  86
  60
  30
  -2
 -34
 -64
 -90
-110
-122
-127
-123
-112
 -93
 -68
 -39
  -7
  25
  56
  83
 105
 119
 126
 125
 116
  99
  76
  48
  16
 -16
 -47
 -76
 -99
-116
-125
-126
-119
-105
 -83
 -56
 -26
   7
  39
  68
  93
 112
 123
 127
 122
 110
  90
  64
  35
   3
 -30
 -60
 -86
-107
-121
-127
-125
-114
 -96
 -72
 -44
 -12
  20
  51
  79
 102
 118
 126
 126
 118
 102
  80
  52
  21
 -11
 -43
 -72
 -96
-114
-124
-127
-121
-107
 -87
 -61
 -30
   2
  34
  64
  89
 109
 122
 127
 124
 112
  93
  69
  39
   8
 -25
 -55
 -83
-104
-119
-126
-125
-116
 -99
 -76
 -48
 -17
  16
  47
  75
  99
 116
 125
 127
 120
 105
  84
  57
  26
  -6
 -38
 -68
 -93
-112
-123
-127
-122
-110
 -90
 -65
 -35
  -3
  29
  59
  86
 107
 121
 127
 125
 114
  97
  73
  44
  12
 -20
 -51
 -79
-101
-117
-126
-126
-118
-102
 -80
 -53
 -22
  11
  42
  71
  95
 114
 124
 127
 121
 108
  87
  61
  31
  -1
 -33
 -63
 -89
-109
-122
-127
-124
-112
 -94
 -69
 -40
  -8
  24
  55
  82
 104
 119
 126
 125
 116
 100
  77
  49
  17
 -15
 -46
 -75
 -98
-115
-125
-127
-120
-105
 -84
 -57
 -27
   6
  38
  67
  92
 111
 123
 127
 123
 110
  91
  65
  36
   4
 -29
 -59
 -85
-106
-121
-127
-125
-115
 -97
 -73
 -44
 -13
  19
  51
  78
 101
 117
 126
 126
 118
 103
  81
  53
  22
 -10
 -42
 -71
 -95
-113
-124
-127
-121
-108
 -88
 -61
 -31
   1
  33
  63
  89
 109
 122
 127
 124
 113
  94
  69
  40
   9
 -24
 -55
 -82
-104
-119
-126
-126
-117
-100
 -77
 -49
 -18
  15
  46
  74
  98
 115
 125
 127
 120
 106
  84
  58
  27
  -5
 -37
 -67
 -92
-111
-123
-127
-123
-111
 -91
 -66
 -36
  -4
  28
  58
  85
 106
 120
 127
 125
 115
  97
  74
  45
  13
 -19
 -50
 -78
-101
-117
-126
-126
-118
-103
 -81
 -54
 -23
  10
  41
  70
  95
 113
 124
 127
 122
 108
  88
  62
  32
   0
 -32
 -62
 -88
-109
-122
-127
-124
-113
 -94
 -70
 -41
  -9
  23
  54
  81
 103
 119
 126
 126
 117
 100
  78
  50
  18
 -14
 -45
 -74
 -98
-115
-125
-127
-120
-106
 -85
 -58
 -28
   5
  37
  66
  91
 111
 123
 127
 123
 111
  91
  66
  37
   5
 -28
 -58
 -85
-106
-120
-127
-125
-115
 -98
 -74
 -45
 -14
  18
  50
  78
 100
 117
 126
 126
 119
 103
  81
  54
  23
  -9
 -41
 -70
 -94
-113
-124
-127
-122
-109
 -88
 -62
 -32
   0
  32
  62
  88
 108
 122
 127
 124
 113
  95
  70
  41
  10
 -23
 -54
 -81
-103
-118
-126
-126
-117
-101
 -78
 -50
 -19
  13
  45
  74
  97
 115
 125
 127
 120
 106
  85
  58
  28
  -4
 -36
 -66
 -91
-110
-123
-127
-123
-111
 -92
 -67
 -37
  -5
  27
  58
  84
 106
 120
 127
 125
 115
  98
  74
  46
  15
 -18
 -49
 -77
-100
-117
-126
-126
-119
-104
 -82
 -55
 -24
   9
  40
  69
  94
 113
 124
 127
 122
 109
  89
  63
  33
   1
 -31
 -61
 -88
-108
-121
-127
-124
-113
 -95
 -71
 -42
 -10
  22
  53
  81
 103
 118
 126
 126
 117
 101
  78
  51
  19
 -13
 -44
 -73
 -97
-115
-125
-127
-121
-106
 -85
 -59
 -29
   4
  36
  65
  91
 110
 123
 127
 123
 111
  92
  67
  38
   6
 -27
 -57
 -84
-105
-120
-127
-125
-115
 -98
 -75
 -46
 -15
  17
  49
  77
 100
 116
 125
 126
 119
 104
  82
  55
  24
  -8
 -40
 -69
 -94
-112
-124
-127
-122
-109
 -89
 -63
 -33
  -1
  31
  61
  87
 108
 121
 127
 124
 114
  95
  71
  42
  11
 -22
 -53
 -80
-102
-118
-126
-126
-117
-101
 -79
 -51
 -20
  12
  44
  73
  97
 114
 125
 127
 121
 107
  86
  59
  29
  -3
 -35
 -65
 -90
-110
-122
   0
