 -2268
 -4892
  5589
  9167
  3669
  6463
 15790
 -7194
 -1347
  -387
  4217
  7253
   508
  6544
  6823
  2005
  5748
 -4568
 -9560
  2028
  4589
 -1881
  -241
   797
  6376
 -5610
 -7229
  -293
 -3010
  8644
  4356
  1406
 -2288
 -2520
  4480
 -3056
 11263
 -1127
 -2584
 15152
  1789
  -475
 -1800
  7154
 -7300
 -4908
  4967
 10101
 -5023
 -5519
  4252
 -3238
  2290
   220
    40
 -7758
  3732
  3420
 -5744
-15308
  1042
 -6952
  1806
 12180
  6584
 -8042
 -7623
 10477
  9358
  8814
  6799
 15297
 -1504
 -3578
  7232
  1182
 -1896
 -6182
  1310
 -6212
  2713
  6663
  9488
 -6896
 -4270
  7734
 -1037
  8285
  8458
  5574
  1664
 -1100
  5526
  -148
 -5992
  3738
 -3083
 12149
 -7801
  6379
  4827
  5635
 -5565
  8163
  4501
 -2403
  5790
  5948
  3083
 12449
  4165
  1523
 -5647
 -7721
 -3694
-15006
 -8036
  1620
 -1431
  2123
  -683
  -885
 -2346
  -358
  4475
  3525
 -8090
  3386
  3220
 -3152
 -2623
   935
 -1490
 -1040
   201
  4165
  5609
 -4173
 -6978
 -1050
    11
  6467
  4495
 10699
  3284
   252
 -3739
 -2993
  4975
  5865
 -7532
-10744
 -4009
  -571
 -3852
  3628
  5597
  1257
  -241
 -2729
 -8935
  4429
  -378
  2864
  1314
  6882
  1724
  4108
  8225
 -4187
 -2833
  2847
  1693
 -2899
  2621
 -1491
   391
 -1941
  4124
  3378
  3014
  2278
  9816
 -4084
  8134
  -984
 -1003
 -5775
 -2948
 -2336
 -1861
 -4843
  3812
 -2290
  -413
 -1909
  1544
   268
 -9843
  -921
  1281
  9199
-11912
 -1964
 -4094
 12162
 -5063
 -1345
  1655
 -8211
 -2778
 -5314
  6850
 -2926
 -2248
  -980
  -415
  6635
  -712
 -8760
 -1312
 -4820
  -985
 -4831
  3700
 -1164
  3638
  3454
   867
  1679
 -4882
  -884
  4721
 -4349
 -4034
   310
 12621
  6029
   233
  -467
 -2998
-11728
  4239
  5915
-13072
 -8384
 -2587
    -1
 -5983
 -4057
 -3380
 -8264
  5395
  4153
  -823
   711
 -1823
 -3293
  5296
  8204
 -6377
  1833
    -9
 14289
  5194
 -5306
 -6734
  3338
 -1060
  -992
 -5515
 -4773
   973
  8741
  9911
 -7049
-21027
  1877
-10979
  3537
  3909
 -5341
  3135
 -7039
 -6314
   582
  2119
 -6539
 -7576
  5062
  1410
  1288
 -8394
 -6612
 -2838
  1492
 -1833
 14177
  1643
 -1643
  6428
   728
  -133
 -4031
 -1130
  2502
  3830
 -4834
  8010
  3960
-18374
  4140
  -918
 -7928
  6439
  7291
 -6740
  5822
 -3991
 -5279
  6763
  4551
  6164
 -3458
  4429
  -999
 -2893
 -4469
 -6463
  5431
  3655
  -399
 -4524
  8174
  9255
 10799
  4014
  -688
  -813
  5463
  6036
 -1948
  1951
  2777
 -5439
 -2315
  4013
 -4103
  -795
  2279
  3591
 -3703
 -6506
  4700
   164
  2402
 -4779
 -5319
 -4705
 -8325
 -6434
 -1470
   666
 -8462
  1023
  2267
   844
  -722
 -5220
  5738
  9585
 -7683
  1577
  8063
-17989
  6369
 -6466
 -8002
 -3453
   221
  2539
 -9539
  2528
  4868
 -4142
 -5210
   307
  2909
  6642
 -4508
 -4670
 -3728
   243
 -7369
-11850
-10596
 -2543
  2921
 -7445
  2175
  2578
   468
  -851
 -5631
  1664
 -4910
  7049
   761
  -340
 -3848
   305
 11903
 -2060
 -2494
  -763
 11225
 -9147
  -507
  4099
 -3589
  4249
  2209
 10760
   -42
-11033
  7005
 -8901
 -4895
 -7495
  1221
  3677
 -2891
  3782
  8984
   763
  -273
  1445
  6889
 -3307
 -2771
  4934
 -3810
  4614
  7346
 10621
  6203
 -5795
  7143
  1239
 -8457
  1024
 -6110
 -4935
  3613
  1714
-10288
 -7353
 -3905
 -1450
 -2612
 -2684
   412
  -286
 -7106
 -3352
 -9948
  -669
 -3163
  2004
 -1836
 -2615
-10861
  8304
  5292
 -3270
 12534
 -3120
-12026
  -710
  6556
  1711
  7065
   454
 -1926
 -3439
  6453
  -475
   493
  2023
  1091
 -2979
 -2155
  3030
-10144
  6641
  6109
  1307
  7039
  3094
 -1136
  7880
 -3804
 -3893
 -8983
 -2945
  7599
  8887
 -1797
  2832
 -2416
 -6652
 -1636
 -2842
  9918
  2812
  5332
 -7972
  2156
  4133
  -633
 -5894
  4396
   178
  1848
  1593
 -8767
  4866
  6460
  3915
 -4353
 -2938
 10368
  2206
   990
  4801
   363
  2298
 -6322
  2054
  6650
 -1610
 -4666
 -7569
-10459
  -202
  6742
  2317
 -3081
  -104
 -7236
 -3413
  3337
  2343
  3347
  -508
 -3638
  -741
  7689
  -915
  1327
 -6309
 -3043
  1153
 -2833
-11454
   -86
  1654
 -2442
 -4747
  5901
  7353
  6805
 -7708
 -1688
  4670
 13702
 -8332
  2080
 -9982
 -9162
 10471
  1119
 -1017
 -3217
  2202
  4140
  1652
  -226
-14035
  2909
 -8546
 -4248
  3914
  1062
 -5374
  2090
 -3351
 -5803
  -438
-10148
 -9221
  8855
  3398
  3488
   328
  2502
 -3800
 11170
   223
  8525
 -1206
  1366
  -313
-13825
 -3885
 -2461
  3676
 -2614
 -9852
  4242
-10616
  3770
 -5618
 -1220
  6329
  4503
  3535
 -1987
 13081
  8921
  5652
  5630
  1966
 -2660
 -2155
  5877
 -7319
 16279
 -1783
 -4237
 -5796
  1010
 -5209
   227
  3389
 -7201
 12154
 -1822
 -6781
  1407
 -5208
 -2814
-14237
  3959
   749
  -355
  5746
  3882
 -4917
  1173
  2705
  4287
  2996
   704
 -6215
 -2537
  1940
 -5868
 -2167
 -4775
  4169
-12579
 -7545
  1767
  1202
 17188
  8570
 -5586
 10377
   267
 -2196
 -5086
   655
 -2889
 -2621
  2385
 -7330
 10058
 -4464
  4160
 12351
 -3879
   665
   309
 -7809
  -397
 10170
 -3170
  -631
  6391
  2803
 -3127
  2253
  5831
  4212
  3490
   310
  -520
  5001
 -3739
  2184
  1118
  5406
 13330
  4796
  4520
 -4078
  6326
  5508
  5640
 12604
 -1664
 -1226
 -5302
     3
 -9641
  2071
 -3773
  6611
 -4369
 -2067
  3581
  7665
 -2103
  3870
  8620
 -3093
 -7293
 -7849
  -317
 -3657
  4163
  -930
  8984
 -4001
 -1633
-17354
 -2764
 -6092
  5102
  4762
  9348
  7612
 11090
  8536
 -5294
 -1251
 -5839
  4402
  5248
 -5400
 -9482
 -3752
 10150
  7797
 -3357
 -8711
 -2469
 -2571
 -3213
 -6302
 -6306
 -7759
  3661
 -3772
 -9394
  1497
 -2185
 -2172
 -3728
 11989
  6767
  1516
 -4716
  5996
 -3500
  1137
 -4577
 -1312
  -804
 -7657
 -2419
 10375
   445
 -3327
  5127
 -4294
 -3490
 11824
 -5828
  8553
 -4791
  1121
   793
  7609
 11343
   -73
 12757
 -2314
     8
 -3808
 -5446
  3937
  7779
 -2321
  1013
  5714
 -2376
  1251
   215
  4941
  9021
 -5207
  4249
  4775
 -7807
 -2583
 -2297
 -2794
  2220
   651
 -3829
 -2860
 -4294
  5326
 -2396
 -4578
  7752
  3488
  5298
 -4570
  5310
 11390
 -2118
 -3417
-10259
 10301
 -1637
   963
 -2069
-16078
 -6336
 -9363
  6685
  8763
  2523
  1046
 -1516
 -9368
 -9482
 -2315
  4083
  6497
 -6289
  5563
 -2779
 -6823
  2231
  9042
  -382
 -5387
 -7041
   -98
  2024
  6075
   427
 -3624
  5644
  2642
  -154
 -2389
  1313
 -3643
 -5213
  8902
 -3766
 10783
 -8835
  3963
   713
  2053
 -9601
  6683
  1055
   138
  5012
 -2324
 -1324
 -4996
 -3220
   345
 -2191
 -2421
    83
  7665
 -5189
 10622
 -1274
 -3592
   596
 -3561
  5805
-10808
 -7496
 -4460
   744
 -2624
 -1684
 -9980
 11844
 -3894
 -4408
 -2543
 -1135
  8400
 -4298
 -2285
 -2349
  3839
 -1845
 -1672
  1370
 -2757
  5565
  6357
 -5657
 14693
  8969
 12004
 -3322
  1432
 13558
  3768
  1570
 14035
  1473
  6255
 -5123
  1496
  3736
  7344
  -352
  4744
  9522
  5120
  6026
-12406
  4798
 -3321
  2365
  6540
 -5062
   245
 13213
-10765
 -8725
 -3425
  6475
  3689
  7227
  2711
-13359
  6413
   225
  1989
 -9135
  3655
  8493
  7026
 -4914
  1013
 -3891
  -833
 -5893
  5393
  7367
 11108
   988
 -2257
  4253
 -8664
  3380
  9701
  1781
 -1209
 -4633
 -1203
  -907
 -3949
   187
   178
   862
 -3644
  -120
 -8486
-18262
 -3607
 -6225
 -4392
 13986
 -6519
 -4679
 -6468
   102
  1717
 -7203
 -6013
  3497
  1983
 -4119
  1187
 -4693
  2926
  8848
 -2866
  -350
 -5330
  9678
 15563
 -2813
  2571
 -4813
 -6416
   100
  1935
 -1035
  3915
 -4159
 -4698
 -6210
  -533
 -2509
 -1521
  2643
 -5282
  3256
  2783
-13653
 -2428
  5914
  1247
 -3005
 -2504
  3186
  3521
 -3243
   135
  3539
  3304
  6518
  4806
 11644
 -3468
  2130
 -1129
  6195
  -922
  1852
 -3252
 -5112
  5687
  8201
  -579
 -4997
  7828
 -1264
 -1369
 -5751
 -3234
  -442
  3154
   802
  7592
  5616
  3870
 -1100
 -9264
 -5054
 -5653
 -1451
 -2592
  4812
  1502
 10370
 -2065
  -187
  2060
  2966
  -183
 -1535
 -1819
  3595
  3264
 -4300
-10025
  7139
 -3994
-14672
 -2101
 12865
 -7905
-17835
 -2980
 -6142
  7919
 15507
  3968
  9434
  5158
  3776
  4643
 -1517
 -5124
  -438
 10965
  4827
 10467
 -2199
 10654
 -2542
  6071
 -8167
  4461
 10433
 -3869
 -3753
   976
 -1716
  4972
 -1132
  4706
 -2952
-13172
   438
  4859
 10687
  9595
  1559
 10189
 -3783
  8846
 -5368
  9201
   305
 -9031
 -6839
 -3682
 -3628
  -227
 -2363
 -3687
 -6817
  1506
  2178
  -236
 10834
 18213
  5441
   -83
 -1319
 11255
 10811
 -4436
 -1622
 -6389
 -8705
  9554
 -1094
  -882
  5842
  6388
 -5516
   604
-12584
  4684
  3474
 13402
  2284
  4069
  2807
 -4028
 -3636
   228
  8322
 -1212
 -4138
  4242
  -840
  2559
 -2809
 -2926
  4706
  1301
  3639
 -4659
  4529
  -880
 -5790
 -4775
  3807
 10498
 10574
-10592
  7348
 -6425
 -3027
  4656
  3304
  7289
 -3673
 -2534
 10854
  2316
 -2900
 -1506
  2164
 -6031
 -1599
  5243
  3003
 -4472
   414
  3691
  3305
  9491
  7785
 -2159
   493
 -3871
 -3703
  4136
   320
  1513
  1131
   242
  1708
 -4998
  9220
 -3490
 -7324
  3644
 -1598
 -1043
  2143
 -9805
 -8631
-11154
 -7052
 -5346
   272
  2283
  4669
 -1421
  1677
 -2968
 -3242
  2510
  5080
 -2258
 -5306
 -5265
  1521
  3438
-13540
  7455
  3359
 -3218
 -4170
 -2253
 -3575
 -6416
  6634
-12413
 -7817
  4563
   111
  2668
 -9090
  7752
 -2028
  1933
  5543
  1880
 -3934
 -1892
 -2694
  2392
  1686
 -9110
 -4844
 -6712
  6790
 11651
  1275
 -1781
   517
   529
 -4841
  -471
 -4515
    23
 -8589
  -539
 -9797
 -7030
  5802
 -3232
  7572
 -1492
  7436
   919
 -1483
 -3017
   -43
  4077
 12113
-15208
  2866
 -4148
   624
 -6052
 -6972
  4714
 -1496
 -3893
  2575
 15381
 -4507
  5661
-15355
  5758
 -5280
  -812
   490
  1564
  9214
 11990
 -3916
  5680
-12970
 -2390
 -4004
 -2390
-10364
  2168
 -5826
 -2276
 -4150
-13088
   -58
  8456
  1530
  1254
 -1376
  1276
 -9926
 -3128
  7938
 -6332
   160
 13829
  3519
   735
   279
 -8266
 -4380
  7482
  2550
  -261
 -4103
  5457
  5695
  7204
 -5080
 -4376
 -1214
  3744
  6754
  7382
 11084
  2561
 14577
  4681
 -7621
 -2328
 -4900
    58
 -7164
 -5193
-10349
  2444
   562
 10940
  1922
 -4487
 10151
 -1436
  6416
  5417
  3583
 -5718
  -186
 -7256
  4370
  1816
  2374
  5023
 -1197
 -2095
  4737
  1035
   615
  1114
 -5504
 -1643
 -2299
  8574
  3492
  8677
 -8795
  2486
 18348
 -6969
 -3647
 -2690
 -3222
 -1689
 -3241
    25
 -4335
  4668
  3572
  1442
  1646
  8314
  5420
   767
 -6109
 -1671
 14017
 -9752
  5798
 -8302
   276
 -4880
  8058
 -2771
 -7623
  5227
 11267
-13726
 -2364
 -4660
 -1942
  -925
   -27
  1886
  -426
   972
 -4332
  9416
  1036
-11061
  5589
-14879
  -741
  7531
   471
  7838
 -6300
 -3532
  2172
  -653
  5781
  1475
 -5521
 -2992
 -9898
 -6654
 -5156
 -4606
-10224
 -4565
  5583
 -3599
  2389
 -7256
  1410
  5546
-11020
 -8534
 -1256
  -890
 -4912
 -3718
 -7758
 -5352
  -580
  5946
  4346
 -2030
  7234
 -1295
-10161
 -4651
 -1349
 -7563
  1317
  3180
   450
 -1686
  5136
 -1402
 -4640
 -4165
  7651
  2155
   647
   938
  1974
 -2060
  3912
  4583
 -3887
 -3268
 -4384
  -434
-11834
 -2566
  8814
 -4492
 -2352
 -3096
  4968
  -830
 -1224
  9527
  7531
-11450
  4458
 -2118
  1914
 -9814
  2244
  2560
 -6758
-10173
  4761
  6294
  2630
 -8977
  4489
  4598
 -6562
  2800
  2096
  -223
 -8413
 -2268
 -7916
 -3285
 -7467
  6098
  -852
-11460
 -2754
  2298
 10188
 -5474
 -9516
  3224
 -9626
 -2161
 -5029
-14731
 -3361
 -5545
  3261
  6491
  4193
 -5853
 -9151
 -1436
  4406
   899
 10143
  6234
 10328
  1647
  1355
  1723
 -9355
  1696
  6712
 -4559
 -2023
  3079
 -1753
  -980
    70
 -5563
  3281
  6577
 -1781
  2386
 -1190
   888
  5504
 -1380
 -2116
  4643
 -1189
 -9787
  6821
 -3124
  -156
 -6564
 -1208
  5379
 -5169
  6059
  -569
 -1868
 11636
 -3000
   440
 -4766
 10100
  2177
 -7383
 -2390
   936
 -8099
   829
  5198
 -6442
 -2877
   261
 -6713
  4195
 12297
 -2911
  1249
 13225
 -1365
  8591
   492
 -5092
 -7547
 -3377
 -7403
  4127
  3720
 -4848
  4917
   367
  -288
 -9696
 -6942
  -578
  9631
-11331
   109
 -6017
  4408
 -1904
  4910
  1928
  6337
 -8379
  2989
 -5061
 -6120
 -4124
 -4104
  2510
  3387
  7243
 -3810
 -2616
 -4546
  2076
  3951
  3479
 -1513
 -3261
   212
 -2686
  2385
  -847
  8851
  5057
 -6139
 -2073
  3143
 14371
 10391
  6915
  9889
  -701
  1583
 10177
  2662
  -348
  6210
 -2416
  1614
 -8838
 -2888
  -612
  6424
  3294
 -3460
 -3270
 -6369
 -6977
  -815
 -2019
 -7248
 -3382
  2408
  2174
  7413
   -31
 -8118
 -2656
 -2794
 -8874
 11574
 -8922
  8425
 -1781
 -2632
  4716
-13082
-10150
  5944
  3184
   603
 12813
-10517
  5981
 -2852
   202
  2698
 -1940
 -2502
  2116
   271
 -1409
    50
 12728
  9677
  3937
   -83
 -2881
  7606
  4046
  1344
  2926
  4390
 -3676
   -97
 -1211
  7829
  7079
  4262
 -3718
-12148
  -912
  3266
 -1450
 17160
 -4044
  3206
  3884
 -7201
  -333
 -9226
 -5652
-12046
  -680
 -1485
 -1033
   587
 -1097
  7400
  1570
   919
 -5957
   717
 -2501
   145
  -877
  2112
   668
 -2162
-10206
-10383
  6821
  3192
 -4122
 -4639
 -2441
   367
  5853
 -8334
  5044
  8599
  3547
  2517
  9257
  -944
  7746
 -5769
 -2781
 -3037
 -5437
 -1691
  6465
 -1184
 15418
 -3310
 -4174
  5445
  9359
  5870
 -6452
  3463
 20727
   105
  -147
 -1591
  1413
     7
 -1535
-11999
   939
 -3728
 -6024
  4106
 11442
 -9279
 -4089
  8377
 -3437
 -2167
  1453
 13127
  -289
  6908
-14526
 -2108
-11622
  2067
  1127
  3133
  5053
 -5907
  2867
 16090
   250
 10836
 -2154
 -2657
  2863
  5464
  1790
  4303
   387
   450
 10534
  3886
  1738
 10974
 -1202
 -3033
  2061
 -2130
  5604
 -3573
   251
  -108
 -4226
 -3981
  7643
 -6786
  2938
 -1242
  9222
  5675
 -1983
 -1095
   159
 -4848
  7182
  1845
   517
   372
-11254
  8136
  -414
  -531
 -6809
  3951
 -1419
  1632
  2964
 -4366
  5442
 -3200
  1720
    34
 -1518
  6464
  3748
 -7325
  9765
 -4322
  3864
 -7726
 -4264
 -6731
  5909
 -8121
   391
  7966
  -164
  1246
  7056
-14067
  2323
  1223
   193
 -5568
 -2490
  -426
  -548
  1150
  5186
 -1887
 -4121
 11003
  5371
  3278
 -5736
 -2397
 -2859
-12202
 -3082
  -766
  2060
  5881
  3397
  -114
 -2252
  1627
  2711
 -2670
 -2496
-12776
  4202
 -3229
 -4365
  7004
 -1406
  8303
 -5239
  7086
 -3806
  2536
  1096
 -5885
 -6979
  7106
  -562
 -6621
 -1123
 -5377
  5453
   954
-13542
 11047
 -1639
 -2756
  -880
  4863
 -2153
  1944
 10358
   308
  6450
 -2034
 -8996
 -2067
  4093
   328
  3606
  3497
 -2161
  6643
  8509
  8728
 -6934
 -5817
 -3401
  2613
-11455
  9131
  1259
 -3444
  -930
   340
  9846
 -4306
 -4708
 -3481
  2799
  3807
   -15
    24
 -5016
  1933
 -5979
-11228
  8066
 -1740
 10466
 -2141
  1479
  1843
 -1745
  -411
  7445
 -6260
  -336
  8553
  2711
  3528
   632
  2584
 -2820
  3832
 -1014
   254
  3956
 -7708
  4022
 -5479
     5
  8403
 -2273
  5433
 -2219
  2307
  7667
-12560
 -3194
  1606
  4078
  1112
 -7224
 -5838
 -5460
 -7758
  3308
 -5241
  3807
-10008
 -2954
  6482
 -1424
-14306
  1024
  8287
 -4261
   564
  1482
-10252
  2832
  1272
   316
  1147
  7347
 -4119
 -3735
 11019
 -6963
 -6451
 -5553
  1005
 -3141
 -3201
 -2283
  8034
  1952
  -416
-10050
  -511
 -3113
   536
  5296
  -623
  5705
 -5422
 15812
  6667
  9449
 -7091
 -3009
 -3334
 -4766
 -6394
  7850
 -5704
  2706
  4176
 -3718
  6405
  2639
 -1669
-16163
 12160
 -1322
  1357
  3449
  4443
 -3199
 -4060
  1132
 -8501
  1565
  4108
  8968
  1585
  2085
   736
 11198
  6285
 11937
 -8677
  1003
  5761
 -7663
 -3282
-10700
 -4898
 -7512
 -3510
-11980
   936
 -2814
-18313
  4975
 -4272
 -2322
  8954
 -1272
 -4331
   285
  8935
  1495
 -2053
  4573
   243
  6101
 10685
 -9345
 -1591
   371
   -90
-13298
 -1469
   457
 -4383
 -2599
  2137
 -3363
  -862
  8808
 -1985
  4959
 -8481
  1255
  5534
  1700
   478
 -6810
 -1963
 25007
  4780
  1710
 -4002
  3872
 -2027
-13655
  1145
  5681
  5673
  -731
-13092
 -4962
 -2641
 -1397
  7690
 10940
  1028
 -4544
  2382
    86
  2917
  5965
  1567
  6879
-11245
 -9759
 -4648
   800
  5659
 -1113
  7057
  4305
-10163
 -3009
 -5299
  9783
 -6810
  3680
  -416
-11526
 -7347
  7787
-12276
  4960
  6318
  1380
  3182
  4492
    93
 -8889
  -625
  4373
-11299
 -5917
  3513
   735
    90
  -618
  4126
  1382
 -7772
 -2750
   146
  3596
  3655
  1457
 14026
 -6986
 -1553
 -3547
 -6205
   233
 -2083
  6729
 -2780
  1706
 -3075
  4837
 14565
 -7963
 -2351
    81
 10132
 -1886
 -4053
 -1957
  -757
 -9865
 -3658
   232
 -5336
 -6558
 -5351
  1483
  -354
 -4706
 -8043
  -719
  9314
  8224
 -1501
 -6109
  2012
  6606
 -4014
  7048
  7557
 -4491
  7844
  5970
  4190
  7568
  7220
 -2240
  5161
 -1441
 -4858
  3112
 -2711
  2181
   749
 -8125
  5497
 -7525
 -9999
 -3973
 -9592
 -5320
  2769
 -3451
  4322
 -4108
   376
-10030
  3363
  1639
  1039
 -6351
-10120
  -684
  1695
   541
-10827
 -5773
   223
  7535
   -29
 -2849
   571
  8633
  2162
 -5590
  6715
 -6715
  7973
 11259
 -1867
  3007
 -3840
 -3020
  5800
 -2434
 -9433
  -337
 -1739
  9627
 -9001
 -2875
  4971
  6541
  2027
  5081
   556
  6294
  -228
  4926
  -482
 -5482
 -5954
  5042
 -6471
 -5425
  8297
  7459
 -1180
 -2124
 -6732
  9420
  2842
  3044
  -726
 -3184
 -4212
  4606
  5304
 -6690
 -3702
 -1400
 -6930
 -1184
  1724
 -3812
 -2591
  -985
  4702
  3186
 -3489
 -1999
  9875
 -2519
 10406
 -5042
  8522
 -1344
  2723
  1763
 -4458
 -1050
 -5443
  9427
  1060
  4512
  2248
  2312
 -7865
  5589
-13368
 -4120
  -813
  3633
  7462
 -7030
 15789
 -4877
 -3231
-10709
  1920
 14806
  -361
  1855
   188
 -3258
  5271
  2443
-11506
  4254
-10557
  4245
 -5437
  3553
  -767
 -1677
 -8143
  -293
 -4460
  3600
 11354
  1548
  -349
 -6617
  -368
   940
 -6651
 10311
  2706
  1524
  9691
 -1173
 -2068
  5296
 -8172
 -4324
 -2078
  6168
 -5583
 -5699
 -3184
 -4818
 -4717
  3359
 -8137
 -4965
  -574
  6512
  6634
  4802
  1956
 10940
 -2633
  8489
   198
   990
 -4814
   202
 -1527
  -265
  4853
  4123
 -5375
 -5893
 -5249
 -1317
  2950
 -5012
 -8021
  5699
  -382
 -6100
-14444
 -9016
 -4667
  3867
 -1201
 14053
 -7080
 -4556
  1975
   531
 -8056
   278
 -1797
 -5367
 -4228
  4044
  7476
 -8076
  4917
   -65
    22
  3836
  9058
 -5692
 -4709
  9389
 -2387
  4539
  5509
 -6091
  -411
  3073
  3706
 -4618
-11808
 -2568
  1902
   218
  -981
-17975
 10504
 -3572
 -8919
  6663
  4808
  7622
  8142
 -3276
  5323
 -1009
  4094
  3976
 -8841
 -1411
  1815
  2913
  2936
 -3572
 -4117
  8429
  2400
 -6188
-11396
 11104
 -5120
  1016
 -7172
 -1212
 -1727
 -4161
  2386
  1562
   735
 -8027
  -571
  4387
 -2368
 -4850
 -4581
 -8481
 -2066
   676
 -1583
 -7571
 -3897
 -8071
   576
  8208
 -8517
 -2755
 -5225
 -4415
 -3350
 -3540
  5056
 -4246
 -7262
 -1628
  5652
  9910
   844
 -8030
  4160
 -2126
  -287
  4075
 -2187
-10897
  3997
-13763
  2389
 -5767
  2940
  9740
 -5111
  1095
 -1719
 -2735
 -4215
  2709
  3212
  2006
 13654
   232
  2859
  -207
  1303
 -4303
   526
  6488
  5492
 -9750
 -1682
  6666
 -5702
 -1914
  6998
 -2670
 -3179
  -821
   508
  2358
  7140
 -2170
 -1824
 -2840
   367
  1709
  2041
 -8161
-10802
  4606
-14224
  -204
 21370
   630
 -4110
 -2682
 -2503
  6399
  2113
 -8951
 -3230
 -2996
  4439
  6155
  3986
 -4900
-10945
 -1731
  -121
 -3755
 -2021
 -5459
 -3795
  8191
 18821
  1097
-14147
 -4679
  5849
  4871
 -4959
  -473
 -1929
 -4403
-13721
   573
  6540
-13076
 -1536
 -2196
  6595
  1413
 -4712
  2716
    38
  -560
 -2477
   599
 -2387
  -691
    78
 -8072
  7759
-12111
 11029
 -5329
   185
 -3639
 -5567
 -5207
  2430
 -7190
  1113
 -6881
  7227
  2669
  4197
  2683
   574
-10768
 11344
  1282
   694
  2504
 -4792
 -8494
  3087
  5641
  2063
-10403
  3454
 -2952
 -6809
 -4553
 -5029
-12037
 -4781
   971
  2337
 -1871
   950
  2540
 -1569
 -8191
 -8813
  9421
  2401
   353
  1638
  6600
  8572
  -380
 -3860
 -4632
   204
  7648
 -1401
  4425
 -1244
 -3626
  4948
  -506
  1436
 -3734
  3632
 16086
 -3963
  2445
   534
 -1300
  -690
  6888
  1564
 -7014
  3791
 14507
 -3881
-10477
 -3282
  7596
  -494
 -8656
  1977
   513
  3681
 -6091
  2074
 -7426
  2248
  -656
 -8291
  2047
  1681
 -8785
  3823
  1965
  4866
  1902
 -2199
  8153
  4116
 -5198
 -1611
 -2329
 -5198
 11458
 12637
  5701
  4219
 -2553
   742
  8152
 -1958
  9892
 -1094
  3056
  2755
 10655
   149
-12575
  4703
 -2209
 -2301
  2337
 -1053
  1137
  7782
  3090
-12977
  1737
 -4214
  8340
-12628
   306
 -3389
  4999
  -647
  -359
 -4806
 -3302
  5226
 -6554
  -224
 -3898
 -2302
 -4732
 -6364
  2922
   595
 -6341
    42
  5134
  -828
  3288
  -724
   -50
  -303
 -1887
  6113
 -8661
  2398
  6306
 14311
 -3639
 -4260
  2032
  4652
  1540
-12636
 -1032
  7048
  4676
 -5143
 12475
  4559
 -1879
  3226
 -8066
 -8667
  5485
  7908
 -7578
 -1559
 -2093
 -1737
 -3583
  4732
  3506
  1600
  1806
-14601
  5057
  2014
 -1010
  3780
 -3534
  6151
 -3817
   141
 -4787
  -744
  4842
 -2288
 -1130
  8120
  3998
 -3710
 -8804
  6525
-13335
  1784
  1068
 -4500
  2416
  2181
  1121
  5899
  4815
  4237
  3573
  1438
  9664
   225
  1903
 -8835
 -3541
-12666
 -7356
  1397
 -9623
  5848
 14454
  2812
 -6698
-12722
 -2234
  1703
  -595
 -4053
 -1249
 -3261
 -5989
 -5104
  4728
   -53
   301
 -4100
 -5288
  3884
 -4320
 -1043
  1859
 -2302
 -3586
 -2640
 -1932
  3143
-10475
  -399
  7447
 -2140
  8752
 -5242
 -3980
  6942
 -7412
  1707
 -3055
  2534
 -3050
  2512
  1504
  4484
 -9180
-14011
  5273
  2017
  2777
  3459
-12209
 -4670
 13252
  4318
  3942
  -147
 -7133
  1917
 -1823
 10939
 -6197
     1
  4529
 -1621
   219
 19147
 11417
-10648
 -5276
 -2312
  -464
 -3417
-10439
 -3977
 -1117
-15940
  2074
  4761
 -6233
  3394
  -634
  -514
  1170
  1156
 10332
  9978
   200
  1374
  7988
  5391
  6545
 -1827
  3839
  3402
 -5390
  7946
 15714
  1038
  2896
 -2838
 12784
 -1604
 17810
  -167
 11313
  2061
   281
 -4984
  3778
  3540
   146
 -4824
  5750
  7542
 -5426
 -4982
 -2602
  2234
 -3114
   488
   -28
  3783
   -97
 -4325
 -2181
  4228
 -2138
  2556
  3886
 -6887
  2739
 13740
  3404
 -9388
  3036
  5366
-10658
  6288
 -7966
 -3932
  1566
  3408
  1036
 -4057
  4333
 -3759
 -4117
  7791
  3773
 -2733
  -393
 -2713
  8123
 -3413
  -805
  9176
 -1650
  4483
  9027
 -6578
-12676
 -2675
  1839
 -5912
  7236
 -2298
 -2074
 -1581
  2273
 -4458
  -494
   527
    73
  4296
  8254
 -2068
 -5206
  3997
  6369
  2858
 -3556
  1915
 -1867
  -104
 -8256
 -7292
 -2882
  2387
 -4293
 -5771
 -7563
 -4494
   520
-12492
  3950
 -1345
 -7613
 -6368
 -3876
 -3485
  1789
  -622
  -654
  4990
  -166
 -1828
 -1830
 -5808
 -5986
  -934
 -2558
  4329
-14081
  -205
 -5183
  1107
  1525
  2887
 10311
  2662
  8736
 -1376
  8352
-10845
  3609
  2106
  3798
  7128
 -4468
  3645
 -4365
 -2123
 -3697
  2589
 -7819
 -2990
  6240
  6124
 -2022
 -2898
  -620
 -3025
 -7053
 -5019
 15065
  1175
 -6647
 -3830
 -4066
 -9390
 -2968
 10280
 -4218
 -8428
    36
 -1354
  -330
 16006
 -4204
  3813
  -851
 -1596
 12838
 -3916
 -3914
 -8245
 -4509
 -2164
 -1814
  5321
  7481
  1113
 -6219
  -997
  1799
 -6661
  4443
  -669
 -3303
 -5558
 -5930
 -3414
  1144
 -7622
 -8616
  2645
  -379
  1098
  -920
 -1165
  4579
  3904
 -4914
 -2191
  1759
  8715
  4509
-11803
   961
  -311
  6545
  -590
 -4234
  -729
  1693
  3891
 -6847
 14405
  3555
  7214
   608
  1069
  8585
 -9353
 -5033
  9148
 10738
  4628
 -7852
 -7736
 11824
  1798
 13314
  1341
 -6437
  3356
  6236
  9687
  4753
-11863
 12819
  1009
  3963
 -4589
 -3825
 -2264
  2770
  7229
 -5343
   710
 -2168
  5148
-10004
 -3307
  1099
 -2566
  8792
  1354
   588
 -8472
   -92
 -9915
  -565
 -4430
 -5776
  4691
  -497
  -721
 -1549
  -760
 -3898
  5010
 -3484
  1726
  5524
 -4539
  3323
  4314
  4390
  -841
  4929
  2168
 -3448
 -4993
 -9697
 -9717
 -4021
  4600
  -930
 -2253
 -3573
 -1046
 -2290
 -9583
  5923
 -5349
 -1775
 -3910
 -5834
  2357
-10915
  4940
  4814
  2265
  7663
  3653
 -3281
 -1390
 -1000
  -225
 -8001
 -7996
  -864
 -1883
  8775
 10657
 -7321
  5272
 -5340
 -5819
 -4647
  1020
 -3110
 -1063
  1111
   116
  5072
 -5791
  2833
  -162
   676
 -1579
 -1893
    32
  -224
 -7520
  7308
  6915
 -8479
 -5460
 -5738
  2996
 -2446
  5780
  6180
    60
   580
  9469
   801
  -681
 -2005
  -755
 -6893
  2642
   990
 -2932
  -506
  1263
 -6961
 -2711
 -9115
   737
  3793
  3323
 -2291
 -2909
 -2643
  7441
  1451
 -4259
  9167
 12328
   226
 -9739
  9593
 -5394
  2286
 -3906
 -2626
  -178
 -4456
  2097
   301
 10349
 -9047
 -4453
 -2581
 13472
 13302
 -6115
   -91
  1191
 -5825
 -5268
  4774
 -2460
 -7378
  2894
 -3392
 -5137
  5227
 -6308
  -286
 10769
 -2693
 -4824
-12720
  -589
   -57
 -4029
  1015
 -7037
  6959
 -4822
  1792
  7646
  6222
 -8070
   326
  4483
 -4211
  7814
 -7242
   581
  2543
 10234
  2062
 -7232
  3252
-14238
 -4938
 -2023
 11205
  -577
  4951
  4079
  3757
 -1014
  -150
  4013
 -5529
  3771
  4945
  3592
  1716
 11808
  -128
   264
   210
 -5372
 -5098
 -7456
 -8384
-10771
 -2453
 -3985
 -4937
 -5672
 10346
 -1535
 -7247
  1287
 -8825
  4238
  7410
  4077
 -1605
 -1827
  -549
  -655
 -7813
 -5709
 -6673
  -623
   385
   678
  1852
 -6937
  1467
-12663
  5107
  1129
 -3081
 11202
 -7192
  5394
 -1448
  4227
  4419
  5459
 -5037
   413
 -4391
 -6657
  6479
  6836
  4544
 -2481
   953
 -1873
  1399
  4984
  5834
  8840
 -5448
   695
  -367
   161
  2117
    96
  4062
 -5988
  7166
  1071
 -8245
  5297
 -3383
 -5067
 -5547
  -320
 11030
 -9400
  3958
  5192
 -7474
 -2927
   285
 -1267
 -4557
 11802
 -4790
  2611
 -2599
  1099
 -2255
 -1075
-10427
 -3193
 -4873
 -9486
 -1450
  1610
  5826
 -8285
  3549
  2474
  4130
  5216
 -7992
  3236
 -8748
  4779
  1897
    84
 10456
 -5810
  3790
  1792
 -4716
 -4920
   330
  -619
 -7847
 -4706
 -1726
  3100
 -1124
-10101
 -8355
 11259
  4917
  5595
  -905
  -978
   500
  1120
  8846
   996
 -5670
   417
 -3655
  1882
 -6320
  3642
   180
  2189
 -1919
 -5621
  1019
 -5387
  -695
   395
 -1121
  5582
  5668
  7183
   535
  -390
 -5460
 -1116
  -244
  5370
 -1558
 -3658
  5098
  1547
 -2283
 -9378
 -9100
 -1433
  1391
  5090
 11550
 -3183
 -2433
 -6234
 -3834
 -8659
 -4049
  2754
  7062
   182
 -2190
 -5967
  8281
 -7377
 -5377
 -2787
 -4477
  5285
  8423
 -9125
 -9059
 -2488
  3468
 -6431
  2363
-11759
  -741
   202
  2018
 -3555
  2455
  -405
  4645
  8735
 -6667
 10182
   814
  -272
 -9344
   965
 -2979
 -5635
 -1463
  2963
  -519
  4838
  4870
-10432
  -844
  2168
 -2128
  4563
 -1539
  5335
  5709
 -3132
  3006
  2884
 -3294
  4654
  7516
  8513
 -4787
  5974
  3804
  3787
 -2489
 -4327
  3747
  -492
  3420
 -3922
-10736
 -7899
  -515
 -3058
 -5532
 -7740
  4706
 -2066
  5248
 -2445
 -3013
 -3418
  3370
  8072
  5876
 -2130
 -1184
 -8883
  4353
 16274
  7382
  2195
   873
  4446
 -5204
  5221
 -8243
 -3404
 -3600
 -1517
 -3827
  -475
  7979
-12926
 -1882
   -14
  -372
  2202
  -744
    46
  2140
  -266
   424
  9608
  1202
 -2779
  5201
-11784
  -234
 -3171
  -931
 -5221
  6603
  9251
   375
 -3417
  5881
  7343
   809
 -1848
  2516
  3816
-13924
 -8206
  8368
 -3446
 13888
-10755
  6305
 11498
 -3660
  3485
-10343
  5771
 -9013
 -3615
  4289
 -5624
 -4590
 -7195
   163
  -601
 -2451
 -6587
   759
  9507
  7845
  1477
 -6593
-15068
  2372
 -6944
  1218
   743
  4251
 -2254
 -2584
  1437
 -5963
  2054
  8866
 -3790
 10458
   322
-10680
  7081
 20173
  8640
 -1440
 -3222
   262
  9911
  2779
  3956
 13350
 -3974
  5344
  2339
   871
 -1986
  6292
  2353
 -8411
  6619
  4279
  4099
-12381
  7416
  6316
  6851
  3469
 11917
  5485
  1462
  3844
  3749
  1003
  1323
  2005
 -8040
  4566
  2575
 -3381
  2927
  1803
  2717
  6993
 -1565
 -6669
  8739
  -689
 -4878
 -6374
  2021
 -6633
  1702
  -680
   511
 -2037
 -3939
  1067
  5448
  2288
 -8124
  3422
  3708
-18462
 -1499
 -1503
  1607
 -8273
 -1081
  -699
 -1177
   833
 13064
  1800
 -7791
  3219
  3665
 -8277
  -673
 -6223
   481
   799
  2515
  4449
 -3946
 -2666
 12865
  3119
  4765
 11721
   116
  -138
 -4599
  5379
 -6153
  2653
  4629
 -5803
  5400
  -402
-10377
   251
  6488
   598
  3401
 -8247
  7261
   741
 -2284
 -4908
 -3651
  4031
 -2365
  3585
 -4062
-11630
 -2820
 -1244
 -7742
  3726
 -6011
  3791
 -1469
 -7715
 -6502
-12596
 -2290
 -3088
  5711
 -3453
 -2083
  8257
 -2050
 -3466
 -1963
  -625
 -5863
  2547
 -6034
 -8634
  1165
  -897
  3985
 -1621
 -1128
  5242
 -7029
  1347
 14477
  1393
  6404
  3414
  4528
  -724
 -4703
   303
 -5001
 15183
  -651
 -3399
 -6721
  2311
 10164
 -6326
 -2147
-10163
  2765
  8981
 -1442
 -2036
  3669
  8641
 -7154
  2962
 -7486
  1094
  6108
  2210
-15806
  7364
  3590
-12130
  3250
 -4626
-12948
  7402
 -3172
 -3442
  8160
  1326
  6447
  -485
  4026
 -3492
   752
 -7158
  2438
 -5702
 -1365
 -3971
 -7297
   251
 -7738
 -6832
  9315
  5937
  -112
 -3660
   785
 -5005
 -8332
 -7004
  -801
  -321
 -6324
  2530
 -1472
  5130
 -1506
  -224
 -2582
 -8604
  3659
 16823
 12193
 -5435
  6246
  3920
  4442
 -4244
  3780
 -4430
-10303
 -8353
   624
 -5496
  4343
  6701
  8148
 -2696
  2491
 -1375
 -4653
 -1095
  9814
  2672
 -3000
 -6574
 -5552
 -1918
   945
   701
  3066
  4880
  8972
 -2062
  5126
-10400
  5933
    33
 -1770
 -4300
 -6129
 10363
  8916
  -916
 -5067
  1143
 -1246
 -1572
 10923
  9731
 -7738
  -254
 -3573
  -707
 -1386
  5050
 -5164
 -7388
