 -5287
  9334
 -5591
 -1075
 -1511
 -3015
  2356
  6998
 -4289
  4231
  2281
 -5803
 13547
  1713
  1880
 -2624
 10162
 -4258
 -2726
  1134
   863
   -75
 -3609
   693
 -4261
   427
  -108
  6234
 10246
 -8720
 10144
 -3602
 -2935
 -5567
  3627
  5871
  6431
 -4741
 -1024
 -5990
 -5126
  1336
 -4527
-11779
  9285
  2355
 -3428
 10132
  -277
  7205
 -4052
  4288
  -533
   385
  6763
  3197
  6578
  2422
 -1930
  5482
 -1416
 12722
  3700
 -5302
  5750
 -5630
 -1603
-10729
-11094
-10684
 -6319
  1861
 -6776
  3222
  1258
 -5420
 -1202
   396
  -626
  2508
     3
  2583
-11002
  1548
 -1220
  -814
  -849
 13183
 -2466
  4774
  -998
  1578
  2804
  6090
  5542
 -5108
 -3468
 -1400
 -1340
  1536
 -2030
  7018
  4764
  1152
 -7230
   528
   779
  4043
  2567
 -6667
-15581
 10177
 -6956
 -3156
  8947
 -4199
 12537
  2527
 -5022
 -1166
  4600
-10156
  3531
 -8343
-10640
 -2488
 -4243
 -2749
   -18
  1208
  2269
  5273
  1064
  2384
 -9031
  8787
  -463
  7349
  2954
 13648
  -216
  3772
 -2874
  6982
 -5120
 -7018
  3655
  -221
 -3049
 -1369
   484
  2094
  -368
 -1304
 -3423
  -921
  5447
   575
  1457
 -1847
 -5269
-10751
  -442
 -4358
 -3545
  2647
 -8569
  5495
   717
 -3883
  -381
  4719
 -9965
 -2361
  4777
 -2367
 -4238
  6172
  -179
   673
  2672
 -3204
  9254
 13698
-12243
 -8667
  2758
 -7736
   423
 -6475
 -5192
 -3684
 -8504
 10108
  7193
  2939
  1150
  5088
 -1251
 -3235
  -924
 -3596
 -7959
   387
 -1785
 -6023
  5224
   612
  3462
  6290
 -3051
  -501
 -7916
  1180
 -1486
 -1410
  2322
  1886
 -1773
 -1935
 -9407
  5271
  4122
 -3006
  -910
  5846
  -306
 -1134
   796
 -2018
 -2833
 -3753
  1788
  -140
   107
 -4511
 -8741
 -2233
 -7311
  2313
 -6154
 -7746
  1801
  -953
-10854
 -1388
-12691
 -1015
-10108
  2360
  -911
 -6721
  -539
  4551
  1915
 -2555
   649
 -6919
 -6370
 -1396
 -1380
  5766
   398
 -2820
 -3909
  1179
  5727
  -365
  -360
 -3154
  -425
  5363
 -9265
 -3213
  5003
  8843
-10187
 -5891
  4159
  -697
  5553
   747
 -5437
   793
  -773
 -5563
 -7198
   294
  2627
 -2383
 15137
  6175
  3799
  5009
 -2965
   393
 -3364
-12370
-11284
 -7618
  5738
  1420
 -3559
  1437
 -4887
 -3895
 -5071
-13379
 -5041
  8933
  4593
  3035
 -5615
 -2923
-13646
 -3148
  7215
  6267
  -816
  5674
  2335
 -3511
  7286
  2634
  -468
 -7588
 11542
 -2318
 -2913
  9041
  6703
  7109
  -717
 -2661
  1678
 -3656
   307
  2611
 -2184
 -8506
 -2133
 11809
-12510
 -6826
 -1181
 -6893
 -7839
 -1687
 -5707
 -3097
  2701
   543
 -1196
 -8354
  2838
  5944
  2497
 -3291
 -5365
 -5833
  -301
 -9521
 -1265
  1147
   921
  3639
  6292
 -9080
  1053
 -7679
    90
 -3496
  5147
 -9059
  3277
   107
 15754
-10076
 -4447
   281
   -25
  8911
 -1024
 -4478
-10638
  6528
  4853
  5425
-12773
  2745
 -1657
 -4299
 -1768
  2826
 -5569
 14507
  7919
   -21
  1373
 -4891
  3382
 -1998
  4627
 -2043
  1388
 10076
 -1827
 -2597
  3013
 -1309
  5864
 -5920
 -7585
 -2225
  2748
  5142
   426
-15410
  9862
  6942
   371
  9885
  4782
  -338
    17
  1499
 -8853
  1253
  7089
 -5731
 -9433
  7543
 -1435
 10677
  -554
   -96
  2471
 -2509
 -4571
  6209
  3342
 -7678
 -5812
-12912
 -7477
  3641
  6503
  4137
 -4201
  1757
 -9446
 -4714
 -5241
 -5855
  4216
  -452
 -5288
  7142
 -5161
 -6881
 -3986
   338
  7270
  8902
 -1346
 -5120
  2961
 -5023
  1194
 -5088
  7367
 -6241
 -6442
  7158
 -6518
  1226
  7744
  1834
  8378
  -964
  1705
 10397
  8744
  -134
  4502
  1282
  2638
 -1238
  -703
 -7711
  5941
 -6763
  1777
   653
 13216
 -2066
  5558
  4876
  4657
  2457
 -2321
  6289
 -5790
  3786
   657
 -6547
  1981
   449
  2888
  2300
  1822
  3898
 -4869
  2967
 -4325
  1475
 -5202
  2812
 -5195
  5065
  7047
  9097
 -5433
  4093
 -8181
 -4931
  2730
  2226
  8119
 -5631
  1288
  9392
   828
  5838
   675
  2571
  5252
  -604
  5128
 -7232
   633
 -6533
 -4264
  4012
 -1500
 -5110
  1649
  4845
  5322
  -152
  3103
  3923
 -2638
  8268
 -5925
  1419
 12553
   767
  9797
 -4545
  7900
 -1158
  3674
 -2668
 -2507
  7085
 -3021
  -193
  5525
  4145
-12399
  6509
   386
 -6510
 -2770
  1122
 -2308
 -1156
 -3802
 10522
  4575
  1251
  3399
  5399
  9999
  1489
  3003
  3441
 -4847
  -633
  2054
  4926
 -4314
  3522
 -3198
  2110
 14766
 -7612
 -7261
  6243
  8397
   411
 -5406
  4850
 -3881
  -711
  5267
 15713
  3615
 -3837
   594
  4520
 -8726
  -326
 -5784
  2272
  -184
 -6074
  1518
  4392
 -1230
 -3972
 12316
 -5078
 -1746
 -6192
   -10
  3848
  2243
  -583
 -5452
  2180
 10352
  6756
 -5703
 -5345
   514
 -3824
  9064
  2346
    55
 -1905
 -5408
  7262
  -260
  1320
  3587
 -5275
  3457
  1295
 -2218
 -3862
 -3074
    78
   518
  7470
 -5066
 -7576
   -51
 -4651
-12787
 -9467
  4896
 -5026
 -3186
 10374
  2387
  3069
 -2507
 -3067
  1109
 -5027
 -6862
  1656
 -4603
  5537
 -2257
  2081
 -2888
 -7904
  5267
 -2889
 -4452
 -3190
 -5754
 -1438
  8869
  2651
 -1355
  -525
  4116
  8968
  6207
  -677
   811
 11879
   630
  5900
 -1269
  2687
 -8596
-12930
  9172
 13750
 -2944
  1110
  3298
  -604
-13936
    42
  1031
 -1189
 -1250
  3830
   458
  2870
 -3290
 -7170
 -4766
  2622
 -2671
 -2059
  1627
 -2661
  2956
  4440
 11344
 -5952
  2835
  2479
-13705
  -437
 -8310
 -9752
 -4897
 -3477
 -1198
  5802
  6244
  2156
  3815
  6433
  5548
 13008
 -5577
 -5647
 -3126
  8290
  4533
 21639
 -2327
 -1945
  4696
 -4494
 -5422
  3332
 -3332
  6458
   313
 -4607
   201
 -1397
 -2103
  -825
 -6824
  7282
  6490
 -1672
  3695
 -6733
 -3632
 -7290
 -6617
 -1019
 -6182
   770
  2784
 -2944
 14357
 -7857
  6872
 -7748
   769
  4423
  9413
  9279
 -5630
  3714
 -3991
  3183
  4666
 -3426
  4971
 11517
 -1679
  6123
   682
  2306
  5302
 -3134
-15153
  8763
 -8247
  5189
   521
   719
 -2673
  -671
  3982
  5152
  2162
 -1244
 19783
 10437
  3409
 -3201
  8574
 -8870
  -513
 -6271
 13024
 -4332
   198
  8462
  4097
  3563
 -3079
  1479
 -3869
  4931
  5954
 -1140
  6412
  3866
  1260
  1222
 -8952
   182
  1658
 -1264
  4054
 -3614
 -3782
  -694
 13515
 -5267
  2429
  2255
 -5161
  5061
 -5726
  -674
 -3452
  1228
-15144
-11932
 -1878
  1808
  -418
 -1164
  2917
  5763
  4869
 -6849
 -1431
 -8793
  -731
 -2397
 -2153
  1273
  6166
 11618
  -882
  7594
  -565
  9849
  8423
 -2549
 -4197
 -6825
   651
 -1359
 -6795
  7587
  2597
  4247
 -2758
  3118
  4110
 -7700
 -2784
 -4410
 -4483
 -5013
 -1510
  6054
 -2013
  6651
 -2953
  5163
 -1244
  3208
-12862
 -4926
 -4934
  5086
 -1277
  4237
 -7195
 -2449
   812
  -616
  1120
 -3256
 -3264
  5932
 -2142
  8238
 -1346
  4174
 -3567
  8837
 -1330
 11488
 -9259
  3565
  1766
 -2476
 10914
   704
 12775
  6535
  3179
 -2431
  8027
 -3831
 15559
 -3471
 -5658
  8198
  -381
  1029
 -2133
 -8775
 -6210
  5340
  5540
  4942
  9191
  1423
 11263
  2863
  7036
 11458
  1204
 -1802
 15339
  4529
  1804
 -1808
  3698
  1278
 -4767
  5059
  5606
 -5318
  1318
 -5770
  -279
 10283
 -1767
 -9797
 -1799
  3733
 -9781
   799
 -3594
 -1690
 11219
 -1151
 -5935
  2769
  3311
-10385
  4161
   521
 -6288
  1266
  2155
 -2017
 -7690
 -1580
 -7781
   559
 -5245
 -7077
  1567
  5111
 -7517
  -545
   954
  1930
 -5918
  4238
  2769
-11817
  8278
  -866
 -2042
   378
  2663
 -3231
  3666
   -94
  5957
 -4569
  3155
 -5059
  4953
   735
  4506
  5108
  1355
-15225
 -1945
 -7061
 15013
 -1939
 11848
 -3468
 -1256
  -104
 -2055
 -8953
  1220
  2460
   416
 -5800
  2159
 -7415
 -1786
  1194
 -9308
  -664
  6810
 -4226
   -63
  2499
 -7154
-11606
 -3089
  -675
 -7234
 -2678
 -1861
 -5471
  4421
   -73
  1860
  -756
 -5703
  3447
-15947
 -1793
 -8778
  5312
  -827
  4541
   485
  -985
 -1942
 -1150
  5330
    86
  1773
  5143
  4142
 -4842
  3241
-15049
  7197
   577
   211
  -621
 -4281
 -6351
  6667
 -8023
 -5489
   707
 -7314
-10808
 -8490
   260
  4431
  1335
  5237
   481
  8956
   142
 -9212
  7208
 -5875
  1375
  4904
 -7702
 -4081
  4539
-10079
  -329
 -5579
  2223
  3444
  5308
 -8257
  2501
  6567
 -6975
  -885
-11743
 -5211
 -2205
   126
 -6578
  -684
   678
  2516
 15342
  -816
  1150
  1291
  1351
  8902
  4078
 -1570
   398
 -8560
 12984
-15892
 -2028
 -2202
 -1340
  6558
 -4752
  -424
  6064
  -782
 -8594
 -3223
 -7729
 -2942
 -1586
  5021
 -1603
 -1507
  5501
  6283
  -413
   200
  1390
   543
 -2497
 -2330
 -3600
 -2130
  3258
  -573
  6505
 -9410
 -5514
  -802
    42
 -2718
  7062
  6013
  1079
  6609
 -5547
 -9561
 -4229
  3693
 -9019
 -9397
 -7501
   600
  -458
 -5010
  4812
-12932
  1580
 -9753
 -1495
  3699
 -4859
 -1653
 -6311
 -2726
  -178
  7629
 11407
  6390
 -4388
 -4633
  -705
  1613
  6691
 10526
  -966
 -7560
  5340
  -609
  2061
  8425
 -1869
  4446
 -2906
 -6412
-12814
 10199
   743
   337
   737
 -2117
 -6641
  1242
  1750
  2209
  2543
  8281
 -2801
   356
 -1580
  2807
  6553
 -4469
  2529
 -9683
  1961
 -6187
  9217
 -1797
  8421
 -2072
  -976
 -4530
  3748
 -3720
  1046
  5900
  1562
 -1368
  -914
 -3439
 -4649
  6317
  6575
 -4438
  3164
 -4040
 -3746
-13635
  4443
  6829
 -1777
 -2823
 -9661
  2343
  9969
  9894
 -5484
  4417
 -3407
  1604
  5180
   705
  1911
  2902
   360
 -1905
  5611
  6202
 -9966
  3987
 -6511
   343
 -5207
  1430
   490
 -1685
  1473
  9882
  4974
 -8924
   306
-15166
  3412
  1443
 -8695
  1305
 -7253
 -7088
 -9764
 -8489
  6069
  5903
  -599
 -5493
  4249
 -2255
  8477
  -599
 11957
 -6389
  3291
  2704
 -1750
  2387
  1239
  1011
  3315
  5473
 -3029
 -3001
  1417
  3208
  4026
   395
  -713
  1109
  1741
  6061
 -5939
  1176
 -1896
  2403
  -295
 -1619
   573
 -6435
 -3883
 14572
-11746
 -2428
 -5570
 -7248
  8354
 -3924
 -4930
  8690
   824
 -5444
  7086
 -4412
   106
 -2622
 -2540
 -3772
-15542
 -3732
  2946
  3026
 -2896
  4660
 -2550
  7700
 -5890
  9042
  1604
 -6386
  2776
-13405
  1031
  8903
 -3767
 -9758
 -8378
 -3320
 -5210
 -5013
 -9577
 10481
  3333
 -4092
  4766
 -1725
     5
     9
 -1041
 -2666
 -5630
-13987
  3603
  5891
 -4413
 -1980
  8326
 -7032
  -800
 -3591
  4807
  2025
  2815
  4351
 -2427
 -3019
   169
  4458
  2500
-12612
  1296
 -7635
 12635
 11358
 -1876
  9322
 -7080
  5036
  7004
 -5300
  1908
 17453
 -6065
 -4296
 -3852
  6749
  -913
 -4524
  1704
  8309
    47
 -6880
 -9172
  3306
 -1382
 -2425
  3177
  6805
  1581
  3381
  6957
  4015
   767
 -2081
 16803
  2450
  6170
 -1959
  3651
  4404
  3802
   861
  3725
 -1014
 -4288
-13014
 -4564
  8303
 -2973
-10645
  1639
 10766
 -9620
  5506
 -5648
 -1798
 -1674
  3803
 -5375
 10572
 -4536
  2398
 -4350
  2493
  2179
 -7057
  -951
 -2564
   470
   741
 -3903
 -3131
 10223
   342
   210
 -6802
  2608
  -331
  4337
 10994
 -6692
 -1300
 -3242
   441
   937
  -127
  5405
  2380
  5430
  9536
  -970
  2876
  2978
  2126
  7196
 15305
 -2443
-10525
  -541
  5853
 -1235
  4739
  3631
  6097
 -4569
 -3877
  4473
 11192
 -9874
 -8323
 -4303
  8918
 14332
 -5520
-13154
  7589
 -3207
  4029
  2989
 -6124
  8896
  5238
  7906
 -6058
  2854
  3819
 -7163
 -1239
  -715
 -2529
 -2309
  3379
 -6893
  2819
  2151
  4767
 -3217
    62
 -3012
  9108
   852
  2274
  6726
-12699
  6167
 -7487
 -3997
 -8489
 -5977
  9638
-13468
  7958
-16334
 -2885
  2337
  3341
 -2113
  3332
 -1788
 -5586
  1220
 -4625
 -8105
  3929
   647
-15235
  2971
 -2532
  2206
  2862
 14592
  9449
 -5871
 -7976
-11690
 -4066
 -8976
  1936
  5134
 -3756
  1502
   736
  7626
  9696
  6376
 -1525
   565
 -4926
 -1706
    35
  6101
  -820
-10408
 -4901
-10379
  -525
 -6637
 -1605
 -3693
  8395
  -577
 -2978
 -6044
  2482
  -778
 -3901
  8497
  7299
 -8801
 -1805
 -1621
  2630
 -1722
  1084
  4424
 -6425
 -7197
  7713
   257
 -7696
 -1420
 -2816
  1424
  1120
 -2760
  4604
  5328
 -4561
  4187
 -2688
  -998
  1659
 -5065
 -6398
 -9596
 -1247
 10791
  6270
  6202
 -1153
 -7365
 -4049
 -2365
   499
  -569
  5249
  2881
  4543
  3249
   556
 -2312
-10184
 -2080
  3001
 -8429
  6614
 -6858
 -8627
 -2605
   253
  5475
 -7370
 -9586
  6901
  7785
 -6702
  1876
-14994
  2074
   787
  5953
  3696
 -5260
 -1513
  -251
 -2723
 -2643
  9484
 -1414
  1243
  2197
 -2775
  4211
 -9590
  1050
 -8006
  4022
-14537
  -413
 -6984
 -2718
  -147
   387
 -4973
 -3903
  4045
 -4431
 -3861
 -4105
   691
 -2703
  3403
  9449
 -6491
  2227
  1899
  3753
 -1621
  3923
 -2631
  3317
  1326
 13072
  7616
   838
  1035
 -3117
 -3471
 -4411
  -141
-11163
 -2541
   -95
 -3057
 -5647
  1854
 -7122
-11233
 -3953
  2143
 -3377
 -9559
  1465
  1098
 -7840
  7356
  4028
  1342
  8602
  3051
  7365
 -9251
 -8269
 -4780
  1502
  8666
 -3472
 11907
 -4177
 -3656
  2154
  7149
 -7763
  6188
 -4954
 -3428
 -7312
  3723
  1789
 -6268
 -5394
 -2406
   536
 -3823
  4863
  5619
 -3239
 -5457
  -937
  1285
  3261
   989
 -2827
  5855
 10767
 -2600
  3912
 -4951
-10129
   123
 -2459
  6881
  3007
 -6162
    62
 -6264
  -724
  5620
 -5856
   401
  3659
  -960
  6330
  2660
 -1022
  2057
 -6775
  2239
-11665
 -7341
 -3931
 -3448
 -1308
  8390
 -5540
  7360
 13162
  3497
-10487
  4208
 -2970
 -3092
 -4162
 -3453
-10197
 -4461
 -2773
 -4665
 -5189
 -8604
   -46
  1391
 -3429
 -9116
 -2038
  -783
-10311
 -2308
 -3716
 -2431
 -2801
  2806
 -8574
  3714
-13190
  1518
 -1972
  1668
 -1274
 -2288
  8380
  2352
  1440
  4345
 -7493
 -7485
  7125
  1830
  8162
 -6442
 -1246
  1507
   753
 -4359
  -781
 -5665
 -7473
-10845
  -209
  2200
  6352
  -205
 -2235
-11854
  5082
 -4677
-15491
 -5596
-11200
-12793
 -1495
 -8793
 -3953
  2905
  3293
 -3020
   -50
 -7871
  3737
  9701
 -8447
  -278
  9864
   967
   575
  3214
  1204
    72
  4984
 -1406
   -30
 -1951
 -9689
  3365
  2799
  8106
 -3262
  5677
 -4389
-12481
  -835
 -2613
  3981
 10832
  7186
  2248
 -6230
 -2049
 -1997
  4179
-14337
 -3583
 -3631
 -9141
 -5101
  -956
   282
 -5325
  4279
 -1375
 -8837
  3087
  -871
  6012
  1956
 -1940
  5688
  2853
  8211
  -921
 -3367
  1652
 -1190
 -3920
 -4006
   -31
  3099
  2335
  4861
  6278
  2160
  3549
 -6811
  7061
  9079
   616
  -640
 -1243
  -887
  -192
-11106
-12315
  -783
  4548
  3130
  1269
 -3031
-11544
 -1770
 -1683
 -3045
  2483
  9413
 -4623
   411
  1520
  6908
    27
  7235
  6876
 -7606
 -3750
 -3512
 -5707
  4573
  3852
 -3314
  3597
  -803
  4909
   161
 -3492
  5170
   528
  2000
  -247
  1999
  6134
  2744
 -1145
  -189
  4744
  1426
  9986
  7604
 -5582
  3572
 -2173
 11327
 10176
  4762
 -2000
 -9466
  3016
  1192
 -2935
  6415
 -3074
  7190
-13824
 11924
  3151
   -19
  -583
  -285
  -921
  1983
 -3240
  6070
 -5934
-21726
  7755
  1133
 -9153
 -2031
  1328
 -8284
 -3050
  9982
  7431
 -8423
  3199
  4011
 -8897
 -4241
  3151
 12589
 -3660
 -4064
    78
 -7962
  -654
  -662
  7286
-11680
 -1838
 -9712
 -4762
  1394
   311
  5381
  4506
  5554
 -5102
  2102
  4079
 -5263
  3124
 -1896
  -965
 -2893
-10019
 11017
 -3918
  1664
 -2518
  8408
  1372
  1154
  3171
  5659
-16030
 -6068
  7902
  3844
  -242
 -9856
  5837
  2765
 -1513
 -8597
   487
 -4265
 -1574
 -8286
 -5630
 -2262
  2456
  7374
  4672
 -4958
  1870
 -2608
   390
 -2812
  9090
   724
 -2180
 -4286
  -974
 -4426
 -2835
 -5433
 -3186
 12616
   721
   893
  8563
 -2483
 -1251
-10497
  7648
   -16
 -4508
 -5228
 14704
 -5310
 -3466
   720
 -8104
-11862
 -3098
 13124
  9416
 10180
  2633
  6551
-10462
  6226
  -221
  6173
 -5658
  1098
   635
  2633
 -2182
  -268
  -787
  1273
  8935
 -3829
   445
  4597
  1098
  3704
  5287
 -2245
 -3210
  3376
  4216
   662
  2665
 -3731
 -6224
  8890
    40
    30
  9418
 -5152
  -414
 14390
  4936
  2056
  2382
 -3212
 11572
   -30
  3648
  6590
 -4152
  8566
 -3476
  2086
  3721
  4585
   768
  -876
  2190
   466
 -2514
  6022
  3163
  2925
 -4206
  2172
  4859
  -109
  6225
  5023
  2674
 -2006
  8659
  2657
  -983
 -9041
-10366
 -2370
  2920
 -2828
  1427
  7697
 -5188
  3796
  3637
 11295
    80
  3544
  4692
 -2552
  1070
  6698
   863
 -3293
    -1
  -677
  5279
  5339
 -4992
-11230
   412
 -3708
 14554
  4274
 -3316
  5002
  2638
 -2268
  5243
  3457
 -2811
 -2193
  7825
-14035
 12926
  2904
 -1009
 -2139
 -3175
 -5753
 -6901
  1421
   593
   991
  5613
   887
 -5877
 -5135
-10041
-11393
  -541
  7283
 -6933
  1205
  3727
  -603
  4206
  6374
 -5979
  3071
  -427
  7087
 -2099
 -2601
 -4538
 -7064
  1949
 11513
  -795
  2601
 -1211
 10705
-12010
 -6848
  6663
  -773
 -3835
  4961
-15383
 -6415
  1700
  7522
 -1832
  -706
 -1812
  1932
  6719
-10803
 -6431
  -637
 -3712
 -4232
 -6365
   125
 -4436
  1304
 -1412
  9588
 -3645
   845
 -7309
 -1607
 -2461
-11951
  1123
 -3479
  5410
  7114
 -4529
  1671
 -2632
 -4246
 -3906
 -5092
  4904
 14222
   141
  2533
 -7294
  4164
 -7575
 11155
  8998
  6470
  4854
 -6326
  4501
  1323
 -2340
  3836
 -1101
  5161
  -243
 -1933
  5185
   163
 -4344
  -176
 -4360
-12568
 -3833
   431
 -5182
  -408
  -415
 -7161
 -3983
 -1129
  -920
 -6756
 -8883
  2223
  -478
 -4950
 -1971
 -6765
  3200
 -4078
 -2470
   456
  2288
  3110
  2382
 -4880
  1045
 -8133
 -9197
 -8383
  1014
 -3990
 13610
 -1310
  9853
   -13
  6519
 -6283
  8201
 11537
 16123
 -2053
 -2801
-15759
   213
   747
  4608
  1726
 -8486
  4864
 -6634
   468
 -3710
  9420
 -2002
 -6052
 -6345
  3851
  5724
 -9438
 -4053
-10285
 -3924
 -2196
 -3115
   103
  -323
  1269
  3566
 -5388
 -6194
  5012
  9853
  4945
   443
 -4869
  6115
  -689
 -5131
 -5199
 -3866
 -4844
 -6281
 -3157
  9268
   802
 -1492
  3274
  8928
  2742
  2976
  1072
-10685
   601
  -566
 -5838
 -7969
  8209
 -8570
  5916
 -8399
 -5079
  6231
 10493
  5491
-12191
 -2250
  7870
  1909
  1815
 -9568
 -5764
  7675
  9009
 -4312
-16974
  2691
  6707
   444
 -4400
 -2011
   427
   581
 -2939
 -2233
  4323
 -4077
  5727
  1110
  -472
  9271
 11175
  -580
   278
  8468
 -6978
  3093
  4753
  6088
  2448
  7584
  1256
  4867
 18639
  2776
  3574
 -2924
  7618
 -1685
  7223
  1819
  3361
 -5989
 -4431
 -4264
  1830
  3979
 -3697
  1536
 -7994
 -4079
  -559
   831
  -487
  1530
 -4026
 -5405
  7167
  4822
 -3776
 -3047
 12059
 10526
 -2234
 -4586
   890
  6263
  3109
 -6535
 -4745
   458
  2954
  2405
 -1397
  5947
  6517
 -8242
-15748
  1356
 -2494
-12830
  7614
 18588
-10140
  3563
 -5473
 11725
  5969
  9362
  2508
 -2259
   493
 -3248
  -982
  3773
  4097
 -3905
 -6283
   747
 -5915
  7169
 -5209
  1484
   888
  3017
 -2877
 -7393
  8137
  2911
 -6631
  7978
  1210
  1136
 11176
 -7852
   524
  5430
  -302
  4226
  7470
 13360
 -6344
  -379
   287
  9941
-13129
  4915
  1893
 -2049
 -1033
  1010
 15424
 -4471
 19181
  3924
 -7106
 -1643
 -3911
  2862
 -4696
 -4486
 -9620
 -6082
 -4400
  3085
 -3233
  5397
   411
  4367
 -2763
   399
  3257
 -1898
 -8632
   710
  -600
  4995
 -1655
 -5769
 -2551
  1611
  -905
   395
 -4449
 -3261
 15749
  3306
 -9878
  3848
  2576
 -7068
  3976
   575
 -2307
  3779
 -2107
 -2505
 13469
 -1931
 -4273
  4772
 -3378
  1652
  5002
 -3755
 -6731
 -6901
 -1321
 -1144
  4018
 -1013
  9935
 -6366
 -3248
 11626
 -2964
 -2891
 -1697
 -4334
   738
   830
   726
  2787
  9637
  7336
 -7220
 -1236
 -3132
    -8
  4302
  1023
-12709
  1245
   663
  8104
  1428
 -4455
 -2129
  3158
   274
  5884
    42
 -6684
 -2170
  4896
-16754
  2302
 -7888
 -5176
 -8236
 -7122
  3498
  3535
 -6963
  -135
 -3245
  6499
  4577
  1737
  1411
  -142
 -1594
 -1912
 -7404
 10634
  8362
 -8935
  9831
 -1181
  3375
   416
 -2322
 -6790
 -1176
-13639
 -1539
 10904
 -2502
 -4560
  -526
 -5428
  2944
  2830
 -2438
  1838
 -6084
  5723
  7823
  1538
 -1024
 -6416
 -5382
 -6145
 -2519
 -2975
 -2733
 -4777
  -767
 -1205
  -495
 -5459
  1359
 15039
  5173
 -1307
  1857
  9858
 -7112
  -122
   442
  8358
  2138
  -527
 -5397
 -7972
 -1880
   863
 -6843
  2953
  7303
 11388
 -3246
 -2077
  3243
 -1281
  5679
  4459
  4095
  6718
  4064
  6333
  2397
  1378
  3232
  5432
 10834
-10354
 -4508
  3930
   520
 -7050
 -4292
  5373
 -1411
 -3000
  8266
 -4292
 -2266
  4821
  7713
 -2153
 -7457
 15256
 -4386
   136
  -466
  4094
 -4414
  6552
  5928
   447
  5783
  5193
  1577
  -283
 -2229
  5279
 -3659
 10150
 -1954
 -2595
  6843
  6353
  -353
 -5558
  6694
  2681
   377
 -1108
  4578
 -9216
 -8284
 -5552
 -2076
  5205
   -13
  5687
 -6383
  4980
 -2332
  1107
 -5587
  5052
  -884
  3298
 -5546
 -2697
 -5555
  5947
  2185
   -25
  4893
  4192
  6420
 -6372
  5446
  2394
 -4616
  -693
  1527
 -3223
 -7839
 -2002
   630
   418
  6282
   772
  5138
  -662
  2120
 12615
  -617
 -1820
  5182
  9998
  2094
  6810
 -4430
  -599
 -8931
 -1644
 -3426
  3126
-11482
 -1633
  3309
 -4963
  5401
 -1152
 -7486
 -6721
  -861
 -5651
  -839
  3317
   351
 -7792
 -1276
 -7148
 -4560
   189
  -657
 -1703
   563
  5662
  6530
   -64
   730
 -3540
 12438
  7494
 -3412
 -3776
 -2874
  2750
 -2726
  -393
 -3359
   -86
 -2214
 -7279
 -2885
  6721
   155
 -3680
   908
  1517
  8927
  4455
 -4179
  2576
 -4484
 -6931
  -617
 10868
  -716
  6392
-11620
-10225
  2147
  2625
  8049
  4885
 -4893
 -6842
 -5502
 -2998
  4864
 -1048
 -5482
  6143
   -37
  3828
  1722
  2008
  5602
   622
 -1192
 -3568
   674
  -743
 -5067
  7980
   496
 -7912
 -5556
  8495
   873
  9192
 13904
  5344
  -568
  1630
  6106
 12565
  2169
  1176
 -3746
  6048
  7582
  3877
  1961
 -5172
 -6484
-14121
  4201
  3138
 -4520
 -5444
 -6862
 -5775
  -327
 -6200
  3714
 13703
    43
  4181
  5149
     0
  4420
 -3056
-10928
 -7675
  4971
 -8012
 -2720
 -1286
  -292
  4843
 -9221
  7610
  -478
 -6022
 -7698
 -6888
  5848
   724
 -3492
  2003
  1927
  1888
 -6362
 -3662
  1892
  4369
 -1503
 -5623
 -5721
  1148
  6692
  1430
  4526
  4287
  2509
  4014
  3998
 -3112
 -9164
 -2774
 -3520
   128
 -4274
 -2885
 -3287
 13399
  1901
 -1078
 -5090
 -5410
  8326
  3202
 -7184
  2816
  -990
 -8361
  6091
 -1344
  1366
  5052
 -7530
  5405
 -3607
 -4867
  6135
  2719
  6553
 -7587
  1653
 11653
  -179
  4760
-11060
 -1214
 -1926
  6995
  6431
 -6091
 -2135
 -2900
 -3158
  4100
 -4986
 -8622
  1486
  6737
-12385
 -1578
  4534
 -7852
  8360
  1296
 10694
  4804
  2934
   334
 -4344
   779
 -3389
  6336
  2798
   392
 -5698
 -5548
  5828
 14578
 -7322
  2505
 12571
  1078
 -5362
 -6014
   -28
 -7231
  5789
 -1432
  3260
  3277
  2755
 13577
 -1757
  1494
  2030
 -5401
 -4743
  5648
 -5320
 -1640
 -7170
 -3596
  4434
  2512
 -3374
 -6633
 -9869
 -2601
  1335
 -9898
  8212
 -9078
 -7358
  2551
 -8507
 -1436
  -426
 10887
  3235
  1299
   919
 -2848
  -590
 -1315
   299
 12314
  4530
  1252
 -1004
  6130
 -2742
   485
  -909
 -1853
  4313
 -7368
  5590
    85
  1457
 -2894
 -2528
 -1662
 -1896
-11013
  2937
 -1784
  7848
  1743
 -5031
-11570
 -2778
   872
-11688
  6000
 -7276
 -3991
 -1797
  8229
 -1689
  7222
-12104
-14767
 -8839
 10155
 -2599
 -6075
   739
  4388
  7364
 -6362
 -4306
 -2086
  -942
  1271
  2833
  -180
  3518
 -4724
-13306
  2658
 -9782
 -7604
  2056
 -9529
  3559
  5570
  4784
 -1969
  4257
  3013
  2147
 -1741
 -7063
  1804
 -4552
  3952
 -2052
 -7258
  7986
  4950
 -8594
 -2998
  5286
   829
 -2711
 -5130
 10056
 -5075
  -973
 -6075
  4103
 12028
 -3690
 -6481
 -4773
 -1044
 -2846
 -2949
 -1605
  2895
 -7475
 -5635
 -4685
 -4157
 -1661
 -5259
  4625
  4808
 -1022
 -1301
 -9221
 -7510
 -5108
  4246
 -5540
 -9222
 -2298
  9781
 -1381
 -2683
  7139
  3090
 -2730
  8121
  1581
  1607
  -865
 -3820
 -2318
  9203
  3147
  5290
 -5244
  7205
  3801
  3984
  4594
  5606
  2100
  8757
 -4637
 -3536
   520
  2011
  3629
 -4676
  6404
 -5365
 -8475
   194
   842
 -6040
 -3006
 -5532
  8150
 -1707
  5287
  1318
   278
   661
 -9251
 -7350
  5164
  4645
 -2073
   394
 -3306
  2433
 -5397
   905
 -4881
  -735
  3405
 -1222
 -8940
  6611
  1951
  6364
 14822
  1548
  5784
 -2178
 -8882
  1592
-14768
 -8801
 -4807
  4724
 -3550
 -2847
  8185
  7477
 -9739
  3332
 -1294
  7089
  -413
-13166
  -314
 -2564
    98
  1628
 -1494
  1796
 10008
 -8003
  3663
  4190
   992
  7273
  1905
  6166
  -578
 -9685
 -5759
 -3006
  7000
  -389
 -7637
  7838
  5462
  9793
 -2933
 -6670
 -1700
  -179
  6421
 -3937
  -457
 -1468
  2826
  7842
  9392
 -7403
 -7187
  6920
 -2286
 -5938
  8780
 -1294
  6470
-15490
  4462
   669
 -3663
 14711
  3791
  2734
  6550
 12547
  3245
  7538
 -1010
  -427
  3983
 -8820
 -1980
   904
-13780
 -2022
  8476
 -1762
  4536
  5942
  9156
 -5550
  4992
  2923
  8055
 -2536
-13926
 -2328
  -984
  1894
 -4578
 -1057
 15335
 -5166
 -1100
 -5151
  7213
 -1951
  3213
  5945
 -1611
 -2212
  3822
 -5484
  -678
  -153
  2187
   -62
  2736
  3528
  -210
  4000
   578
 -9553
 -3401
 -1903
 -1175
 10230
 -5852
  1606
  2006
 -8456
 -1528
 -1710
   728
 -3655
  3541
 -3262
  8790
  -926
 -4978
  7049
  2725
  5402
 -4024
  3135
  5627
  4490
  9004
 -9876
 -6800
 -4264
 -7012
 -2119
  3733
 -4393
-13157
 -1605
  6231
  5610
 19152
 -6116
   382
  1004
  5262
  2326
-12674
  2888
 -1636
   802
 -7908
  5960
  1602
  2433
 -5949
  2956
  -588
   460
 12698
  -279
 11005
 11016
  9196
  1572
  6264
   520
  6518
  3313
 -1023
 -1208
  2870
 -2434
 -5312
  1750
-10902
 -3796
 -5160
 -3057
 -4217
  7076
 -5010
  5053
   935
  2045
 -2625
-13623
  1335
  6765
 -3357
 14782
-16190
-11336
 -9680
  3520
 -2852
 13344
 -5856
  3074
 -3260
  5623
 -8241
   571
   297
 -2914
 -2634
    58
  7184
   979
   755
  2955
 -3119
 13734
   806
  4012
 -8536
  3535
  2037
 -5968
 -3608
  2886
  1610
 -1509
 -2007
  3559
  1309
    86
  3194
   137
-15773
  3161
  1801
  6862
  7172
 -5472
  5702
   802
  2992
 -1568
 -1960
   250
 -2810
  1484
 -1168
 -3936
  -600
  3856
 -6536
  2501
  4215
 -9370
 -7970
 12768
 -2572
  1492
 17188
  1725
  4651
  1225
  4369
  6289
 10789
  -854
-19454
  1271
  1853
  3240
  1308
   748
   984
 -7535
  5275
  2801
 -4533
 -1738
  -120
  7965
  4233
 13782
 10984
 -6688
  2446
 10984
 -6634
 -9055
 -4139
  6015
 -3741
  1078
  6020
  2420
  2824
 -6262
 -3542
-10775
 -7653
  2608
  9108
  1228
   170
 -1457
  1083
  -860
 -2028
 10052
 -1428
 -4253
  9765
   350
  1166
 -2719
  8413
  7508
 -1910
  3224
  -726
   777
  2713
 -3080
 -7734
  6065
  7225
  -154
  -938
 -1672
 -2360
  4109
 -1663
  8773
 -1927
  2842
  2044
  -964
  -690
  1817
  1037
 -4622
 -5168
-10074
 -8316
  -682
  5060
 -3922
  2056
  4719
  9983
-11212
  3150
  2044
 -7414
  7543
-10429
-10669
  6547
 -2417
  2695
 -3607
  -123
  8704
  1268
 -7859
 -4789
 10625
 -6155
 -3559
  7505
  8176
  4138
 -6300
  2434
   883
 -4735
  4663
 11281
  1312
  -272
 -5117
  2369
  1911
  6827
  3032
  2694
 -5024
 -2800
 -9213
  1197
 -5458
 -1898
  2657
   823
  2931
 -2347
 -9283
 -2585
  3149
   541
 -3354
 -6352
  5224
  1696
 -2348
  8684
  -262
  3034
  1557
  7515
  -454
  1648
 10263
  6907
-11298
  5162
  6961
-12389
  4570
-12100
   701
  3209
 -4546
  1794
 -8343
  4531
 -8888
 -4734
 -2370
  9884
 12965
 -8153
  7181
 -4757
 -2854
 -2718
 -1713
  4609
  4514
  5270
  6239
  9261
  7642
 -8594
 -6308
  5896
  2162
  9316
  3174
 -3080
 -1353
   839
-10719
 12077
 -2972
 -2626
  4510
    92
  2420
 -4834
 -2297
  9027
 -1223
  7697
   313
   321
 -3790
  2376
 -2341
  -881
  1423
  1337
 -4249
 -5123
 -3587
  4899
  1599
 -8683
 -7287
 -5807
 -9434
 -4580
  8974
  1146
  4343
 -6363
  -832
    80
 -1959
  7163
  2967
 -3749
   937
  4409
  -182
  -474
  1647
 -1711
 -3919
  3105
 -1533
 -1885
    -4
  -354
  4573
 -3923
   811
 -5045
  1494
  6760
 -4913
 -3805
 12380
-11798
 10311
 -3829
 -8489
 -2713
-15085
  2341
 -5530
 -6502
  1002
 -6176
 -4637
 -2653
  1081
 -3885
  6675
  2997
  3287
 -4389
 -6162
  1076
 -2207
   729
 -4771
 -3743
  5279
  5595
   911
   639
   640
  3270
-14687
  -935
  6906
  3186
 -4397
   337
  3007
 -7833
   926
  8564
 -9389
  4341
  -711
 -4369
  1060
  7824
 -6370
 -4542
  7774
 -7244
 -3112
 -5062
 -8852
  -718
  1165
 -2939
  6364
   126
  -262
 -5756
  5776
  8526
  6282
 -6320
 -2436
  9626
  4259
   679
   770
  2424
 -2513
  5787
 -3159
 -6405
  2661
  2123
 -6235
 -4349
 -7104
 -4356
 -4083
-11021
  6782
  4710
 -1018
 -1294
  2636
  7192
 -2596
  6082
  -961
 -4633
 -1976
 -1660
  -465
    93
  5690
  -950
  3728
 -5260
 -3943
 -3517
   -73
 -3795
  5216
  3518
 -2514
 -6324
 -3309
   347
 -4281
 -7041
  2673
 -4145
-12042
-17826
  1220
  2420
 -2283
-14069
  1819
  -227
  4229
  8467
  4635
 -1185
 -2168
  9846
 -3534
  -116
  1235
   207
  3687
  5825
 -6994
  9490
 -5025
  5047
 -7513
  4995
  8233
 -5173
  1208
 -4476
 -3418
-10422
  7058
 -5130
  2740
 -6116
-10539
  3267
 -1761
 -6977
 -8489
-12077
  2585
  1311
 -3345
  4741
 -2805
  1711
  1327
 -8181
 10466
  -664
  7986
 -2668
 -1475
 -4619
  -488
  3566
 -5403
  5771
   325
   307
  4700
 -3298
 -2807
   477
 -1440
  -370
  3957
  2409
 -2980
  2360
 11507
  -859
  -740
 -1160
  -519
  6715
 12340
   694
  1667
 -4125
  2197
 -6789
 -3245
  6809
  1534
   218
   407
  1981
 10085
 -3649
  3750
  2670
 -9579
   159
-12385
 -4739
  4858
 -6066
  5359
 -4887
  6072
  2100
 -5505
 -3363
  8060
 -3634
 -2466
  6064
  -371
   899
 -6235
  5915
   962
 -6426
  2071
 -7995
   519
  3361
  6183
  2485
 -7758
  8534
  1433
 -4833
  2062
 -3118
  7813
  -285
  2247
 -8963
  4300
 -3544
 -6311
 -4419
  -504
 -7214
   690
  5736
  6435
  6687
 -1761
  2291
  8323
    23
