0
0
0
1
1
2
2
3
4
4
5
6
7
8
10
11
12
14
15
17
18
20
22
24
26
28
30
32
34
36
39
41
44
46
49
51
54
57
59
62
65
68
71
74
76
79
82
85
88
91
94
96
99
102
104
107
109
111
113
116
117
119
121
122
124
125
126
126
127
127
127
127
126
125
124
123
121
119
117
114
111
108
104
101
96
92
87
82
76
70
64
58
51
44
37
30
22
14
7
-1
-9
-17
-25
-33
-41
-49
-57
-64
-72
-79
-85
-92
-98
-103
-108
-113
-117
-120
-123
-125
-126
-127
-127
-126
-124
-122
-119
-115
-110
-105
-98
-91
-84
-76
-67
-57
-47
-37
-26
-16
-4
7
18
29
40
51
62
72
81
90
98
105
111
117
121
124
126
127
127
125
122
118
112
105
98
89
79
68
56
44
31
18
4
-10
-24
-37
-50
-63
-75
-86
-96
-105
-112
-118
-123
-126
-127
-126
-124
-120
-114
-107
-98
-87
-76
-63
-49
-34
-18
-3
13
29
44
59
73
86
97
107
115
121
125
127
127
124
119
112
103
92
79
65
49
32
15
-3
-20
-38
-55
-70
-85
-97
-108
-117
-123
-126
-127
-125
-120
-113
-103
-91
-77
-61
-43
-24
-5
14
34
52
69
85
99
110
119
124
127
126
122
115
105
92
77
59
40
20
-1
-22
-42
-62
-79
-95
-108
-118
-124
-127
-126
-121
-113
-102
-87
-69
-50
-28
-6
16
38
59
78
95
108
119
125
127
125
119
108
94
77
57
35
12
-12
-36
-58
-78
-96
-110
-120
-126
-127
-123
-115
-102
-86
-66
-44
-19
6
31
54
76
95
110
120
126
127
122
112
98
79
57
33
7
-19
-45
-69
-89
-106
-118
-125
-127
-122
-113
-97
-78
-55
-29
-2
26
52
76
96
112
122
127
125
117
104
85
62
35
7
-21
-49
-74
-96
-112
-123
-127
-125
-115
-100
-80
-55
-27
3
32
60
85
104
118
126
126
119
106
86
61
33
2
-28
-57
-83
-104
-118
-126
-126
-118
-104
-82
-56
-26
6
37
66
91
110
123
127
123
112
93
68
38
6
-27
-58
-85
-106
-121
-127
-124
-113
-94
-69
-39
-6
28
59
87
108
122
127
123
110
89
61
29
-6
-40
-71
-97
-116
-126
-126
-117
-99
-73
-42
-7
28
62
90
111
124
127
119
102
77
45
10
-26
-60
-90
-112
-124
-127
-118
-100
-73
-40
-4
33
68
96
116
126
125
113
91
61
25
-12
-49
-82
-107
-123
-127
-120
-101
-74
-39
-1
38
73
101
120
127
122
106
79
45
6
-33
-69
-99
-119
-127
-122
-106
-78
-43
-4
36
73
102
121
127
120
101
71
34
-7
-47
-82
-109
-124
-126
-115
-91
-57
-17
25
64
96
118
127
122
103
72
34
-9
-50
-86
-112
-126
-125
-109
-82
-44
-2
41
79
108
124
126
112
85
48
5
-38
-78
-107
-124
-126
-112
-85
-46
-3
42
81
110
125
125
109
79
39
-6
-51
-89
-115
-127
-122
-101
-67
-24
22
65
100
121
127
115
88
49
3
-43
-83
-113
-126
-123
-102
-67
-23
24
68
103
123
126
111
80
38
-10
-56
-95
-120
-127
-116
-88
-47
1
49
89
117
127
118
92
51
3
-45
-87
-116
-127
-119
-92
-51
-3
47
89
117
127
117
89
46
-3
-53
-94
-120
-127
-113
-82
-37
14
63
102
123
125
106
70
22
-30
-77
-111
-126
-121
-94
-52
-1
50
93
120
127
111
77
29
-24
-73
-109
-126
-121
-95
-51
1
53
96
122
126
107
69
18
-36
-83
-116
-127
-115
-82
-33
21
72
109
126
120
91
45
-10
-63
-104
-125
-122
-96
-52
3
57
100
124
124
99
55
0
-55
-99
-124
-124
-100
-55
0
56
100
124
123
97
52
-5
-60
-103
-125
-122
-93
-45
13
68
108
127
118
85
34
-25
-78
-115
-127
-112
-73
-18
40
90
121
125
102
57
-1
-59
-104
-126
-120
-88
-36
24
79
116
127
109
67
10
-50
-98
-124
-122
-92
-40
21
77
115
127
109
66
7
-53
-101
-125
-120
-86
-32
30
85
120
125
101
52
-9
-69
-111
-127
-112
-69
-10
53
102
126
119
82
25
-38
-92
-123
-123
-92
-38
26
83
120
125
99
47
-16
-76
-116
-126
-104
-54
10
71
114
127
106
58
-6
-68
-112
-127
-108
-59
5
68
112
127
107
58
-6
-69
-114
-127
-105
-55
11
74
116
126
101
48
-18
-80
-119
-125
-96
-39
28
88
123
122
87
27
-41
-97
-125
-118
-76
-12
56
107
127
110
60
-7
-72
-116
-126
-98
-41
28
89
123
121
82
19
-51
-105
-127
-111
-61
8
74
118
125
94
34
-37
-96
-126
-116
-70
-3
66
114
126
99
40
-32
-93
-125
-117
-72
-4
66
114
126
97
37
-36
-96
-126
-114
-65
5
74
118
124
89
24
-49
-105
-127
-106
-50
23
88
124
118
72
2
-69
-117
-125
-90
-24
50
107
127
104
44
-30
-94
-126
-114
-62
12
81
122
120
76
5
-68
-117
-124
-87
-19
56
111
126
96
31
-45
-105
-127
-103
-41
35
99
127
108
49
-27
-94
-126
-111
-55
21
90
125
114
59
-17
-87
-125
-115
-62
15
86
124
115
62
-15
-86
-125
-115
-61
16
88
125
114
58
-20
-91
-126
-112
-54
26
95
127
108
47
-33
-100
-127
-103
-38
42
106
127
97
27
-53
-112
-125
-88
-14
65
118
122
76
-1
-78
-123
-117
-62
18
91
126
109
45
-37
-104
-127
-97
-26
56
115
124
81
3
-76
-123
-117
-61
22
95
127
104
36
-47
-110
-125
-86
-9
72
122
118
62
-22
-95
-127
-102
-32
52
114
124
79
-1
-81
-125
-112
-49
37
105
126
90
12
-71
-122
-117
-59
27
100
127
96
20
-65
-120
-119
-63
23
98
127
97
21
-65
-120
-119
-61
25
100
127
94
16
-70
-122
-116
-54
34
105
126
86
4
-80
-125
-109
-40
48
114
123
72
-14
-94
-127
-98
-20
68
122
115
51
-38
-109
-125
-78
8
90
127
100
22
-66
-122
-115
-50
41
111
124
74
-14
-95
-127
-93
-12
76
125
108
36
-56
-118
-119
-58
34
108
125
76
-13
-95
-127
-92
-8
80
126
104
27
-65
-122
-114
-44
49
116
120
60
-33
-108
-124
-73
19
100
126
84
-5
-91
-127
-93
-8
82
126
101
19
-73
-125
-107
-29
65
123
111
38
-57
-120
-115
-45
51
118
118
51
-45
-115
-119
-55
41
114
121
58
-38
-112
-122
-61
36
111
122
62
-35
-111
-122
-62
35
111
122
60
-37
-112
-121
-58
40
114
120
55
-44
-116
-118
-50
49
118
116
44
-55
-120
-113
-37
62
123
109
28
-70
-125
-103
-18
78
126
96
7
-87
-127
-88
6
96
126
77
-20
-105
-124
-65
35
113
120
51
-51
-120
-113
-34
66
124
103
16
-82
-127
-90
4
96
126
74
-25
-109
-122
-55
47
119
113
33
-68
-125
-100
-9
88
127
82
-17
-105
-123
-60
43
118
114
34
-69
-126
-98
-4
92
127
76
-26
-110
-120
-48
56
123
106
16
-84
-127
-83
18
107
122
54
-52
-122
-107
-19
83
127
83
-19
-108
-121
-50
56
123
104
11
-89
-127
-75
30
113
117
38
-68
-126
-94
5
101
124
59
-49
-121
-107
-15
87
127
75
-31
-115
-115
-32
75
127
86
-17
-108
-120
-44
65
126
94
-7
-103
-123
-52
57
124
99
0
-99
-124
-57
53
123
101
3
-98
-124
-58
53
123
101
2
-99
-124
-55
56
124
98
-3
-102
-122
-49
62
126
92
-12
-107
-119
-39
72
127
84
-25
-114
-114
-25
83
127
71
-41
-120
-105
-7
97
124
53
-60
-125
-92
15
110
117
31
-80
-127
-72
40
121
104
4
-100
-123
-46
67
127
83
-28
-116
-110
-14
93
125
54
-61
-126
-88
23
114
112
17
-92
-125
-54
61
126
86
-26
-116
-110
-12
96
123
47
-68
-127
-79
36
120
103
-1
-105
-119
-33
82
127
64
-53
-125
-90
22
115
110
10
-99
-122
-40
76
127
68
-50
-125
-91
22
115
109
7
-101
-121
-35
81
126
60
-59
-126
-83
34
121
100
-9
-110
-114
-17
96
123
40
-78
-127
-62
58
126
81
-37
-122
-97
16
114
109
6
-103
-118
-26
90
124
45
-75
-127
-63
59
126
78
-42
-124
-91
25
119
102
-9
-112
-111
-7
103
118
23
-94
-123
-37
83
125
50
-72
-127
-62
61
127
73
-50
-126
-82
40
123
90
-29
-121
-97
19
117
103
-10
-113
-108
1
109
112
7
-105
-115
-14
101
118
21
-97
-120
-27
93
122
32
-90
-123
-36
87
124
39
-84
-125
-42
82
125
45
-80
-125
-46
79
126
47
-79
-126
-47
79
126
46
-79
-125
-45
81
125
43
-82
-125
-41
84
124
38
-87
-123
-34
90
122
29
-94
-121
-24
98
118
18
-102
-116
-11
106
113
3
-110
-109
5
114
104
-15
-118
-98
24
121
91
-34
-124
-83
45
126
74
-56
-127
-64
67
127
52
-78
-125
-39
89
122
25
-99
-117
-10
108
110
-6
-115
-100
23
121
89
-40
-125
-75
57
127
59
-73
-126
-42
88
122
22
-101
-114
-2
113
103
-20
-121
-89
41
126
71
-62
-127
-51
81
123
28
-98
-116
-4
112
103
-22
-122
-85
47
127
64
-71
-126
-39
92
119
12
-109
-106
17
121
87
-46
-127
-63
72
125
35
-96
-116
-4
113
100
-28
-124
-77
59
127
48
-86
-121
-15
108
106
-19
-122
-83
53
127
52
-83
-122
-17
107
106
-20
-123
-81
56
127
48
-88
-120
-10
112
101
-30
-125
-71
67
126
34
-98
-113
8
119
88
-49
-127
-52
85
120
10
-112
-99
34
126
65
-74
-124
-23
106
106
-23
-124
-73
67
125
30
-102
-109
18
123
77
-64
-126
-33
101
110
-17
-123
-76
65
126
30
-103
-108
22
124
72
-70
-124
-23
108
103
-31
-126
-62
80
121
10
-114
-94
45
127
48
-92
-115
8
121
80
-63
-126
-28
105
104
-30
-126
-60
83
119
2
-118
-86
57
126
33
-103
-106
29
126
60
-84
-119
1
119
82
-62
-125
-25
108
100
-40
-127
-48
94
112
-18
-124
-67
79
121
3
-118
-83
62
125
22
-111
-96
47
127
38
-102
-106
32
127
52
-92
-113
18
125
63
-83
-118
7
122
72
-75
-121
-3
119
79
-68
-123
-10
117
85
-63
-125
-16
115
88
-59
-125
-20
113
90
-57
-126
-21
112
91
-56
-126
-21
113
90
-58
-125
-19
114
88
-61
-125
-15
116
84
-65
-123
-8
119
79
-72
-121
0
121
72
-79
-118
10
124
62
-88
-113
22
126
51
-97
-106
36
127
37
-106
-97
51
126
20
-115
-85
67
122
1
-122
-69
83
115
-20
-126
-50
99
104
-42
-127
-27
112
88
-64
-123
-2
122
67
-86
-113
26
127
42
-105
-97
54
125
12
-119
-74
80
116
-20
-126
-45
103
98
-53
-125
-11
120
71
-83
-114
26
127
37
-108
-91
63
123
-2
-124
-59
95
105
-43
-126
-19
117
75
-81
-114
26
127
35
-110
-87
69
120
-12
-126
-47
104
96
-59
-123
2
124
55
-99
-100
53
125
4
-123
-60
96
103
-50
-125
-6
122
61
-95
-103
50
125
5
-123
-58
98
101
-54
-124
1
124
52
-102
-96
61
122
-10
-126
-43
108
88
-72
-117
23
127
29
-115
-76
84
110
-40
-126
-11
122
59
-98
-98
59
122
-11
-126
-38
111
81
-80
-112
37
126
11
-122
-58
100
96
-64
-120
20
127
28
-117
-71
91
104
-53
-123
8
126
37
-113
-78
85
108
-47
-124
3
126
41
-111
-79
84
108
-47
-124
5
126
38
-113
-76
88
105
-53
-123
13
127
29
-117
-67
96
98
-64
-118
27
127
13
-123
-52
106
85
-80
-110
47
124
-9
-127
-30
118
65
-98
-94
71
115
-37
-126
0
126
36
-115
-69
96
96
-68
-116
36
126
-1
-126
-33
117
65
-99
-92
74
112
-45
-124
12
127
21
-121
-53
108
80
-87
-103
61
118
-32
-126
1
126
30
-119
-59
104
84
-84
-104
59
118
-32
-126
3
126
26
-120
-54
108
78
-91
-98
69
113
-45
-123
18
127
9
-125
-35
118
60
-105
-82
89
100
-68
-113
46
122
-22
-127
-3
126
27
-121
-50
112
71
-98
-89
82
104
-63
-115
43
123
-21
-127
-1
126
23
-123
-43
115
62
-105
-80
92
94
-77
-107
60
116
-42
-123
24
126
-5
-127
-14
125
32
-120
-49
113
65
-104
-79
94
92
-81
-103
68
111
-54
-118
39
123
-23
-126
8
127
7
-126
-22
124
36
-120
-49
114
61
-108
-73
100
83
-92
-92
82
101
-73
-108
62
113
-52
-118
41
122
-31
-124
20
126
-10
-127
0
127
10
-126
-20
125
29
-123
-37
120
46
-117
-53
114
60
-110
-67
106
73
-102
-79
98
84
-93
-88
89
93
-85
-96
81
100
-76
-103
72
106
-69
-108
65
110
-62
-112
58
114
-55
-115
53
116
-50
-117
48
118
-46
-119
44
119
-43
-120
42
120
-41
-120
41
120
-41
-120
41
120
-41
-120
42
120
-43
-119
44
119
-46
-118
48
117
-50
-116
52
115
-55
-114
58
112
-61
-110
65
108
-68
-106
72
103
-76
-100
80
97
-84
-93
89
89
-93
-84
97
79
-102
-73
106
67
-110
-61
113
54
-117
-46
120
38
-122
-30
124
21
-126
-11
127
1
-127
9
126
-19
-125
30
122
-40
-118
51
114
-61
-108
72
101
-82
-93
91
84
-99
-74
107
62
-114
-50
119
37
-123
-23
126
8
-127
7
126
-22
-123
37
119
-52
-112
67
103
-80
-93
93
80
-104
-66
113
50
-120
-33
125
15
-127
3
126
-22
-123
41
117
-59
-108
76
96
-91
-81
104
64
-115
-45
122
24
-126
-3
127
-19
-123
41
116
-61
-105
80
90
-97
-73
111
52
-120
-29
126
5
-127
20
123
-44
-114
67
101
-87
-83
104
62
-117
-38
125
11
-127
16
124
-42
-114
67
100
-89
-80
107
56
-120
-29
126
0
-126
29
119
-57
-106
82
86
-103
-62
118
33
-126
-2
126
-29
-119
59
104
-85
-83
106
55
-121
-24
127
-9
-124
42
113
-72
-94
97
68
-116
-36
126
2
-126
33
117
-66
-98
94
72
-114
-39
125
3
-126
34
116
-68
-96
96
68
-116
-33
126
-5
-125
43
111
-78
-87
105
55
-122
-17
127
-23
-120
61
100
-93
-70
116
32
-126
9
123
-50
-107
85
79
-111
-41
125
-1
-125
44
110
-81
-82
110
44
-125
-1
125
-43
-110
82
81
-111
-41
126
-4
-124
49
106
-88
-74
115
32
-127
15
121
-61
-98
98
61
-121
-16
127
-33
-114
77
84
-109
-42
126
-7
-123
55
101
-95
-63
121
15
-127
36
112
-81
-79
113
33
-127
19
119
-68
-91
106
47
-125
6
123
-57
-99
99
57
-123
-4
125
-50
-103
94
62
-122
-10
126
-46
-106
92
65
-121
-11
126
-45
-106
92
64
-121
-9
125
-48
-103
95
60
-123
-3
124
-55
-99
101
52
-125
7
122
-64
-91
108
40
-127
21
117
-77
-80
115
24
-127
38
108
-91
-64
122
4
-124
58
95
-105
-43
126
-21
-116
79
76
-118
-16
126
-48
-101
100
50
-126
15
118
-76
-79
117
18
-126
48
101
-101
-47
126
-20
-116
81
72
-120
-8
124
-59
-92
109
33
-127
36
107
-95
-55
125
-13
-118
79
74
-120
-7
124
-62
-89
112
26
-127
45
101
-103
-43
127
-30
-110
93
56
-125
16
116
-83
-68
122
-4
-120
74
77
-119
-7
123
-66
-84
116
15
-125
60
89
-113
-21
126
-55
-93
111
25
-126
52
95
-109
-28
126
-50
-96
109
28
-126
50
95
-110
-26
126
-53
-93
111
23
-126
57
90
-114
-17
125
-62
-85
117
10
-123
69
78
-120
0
120
-78
-69
123
-11
-116
87
58
-126
25
109
-97
-45
127
-40
-101
107
29
-126
56
89
-116
-11
123
-72
-73
122
-10
-116
89
55
-126
32
104
-104
-32
126
-55
-88
116
7
-121
78
67
-125
21
110
-98
-41
127
-49
-92
115
10
-122
77
67
-125
23
109
-101
-36
127
-56
-86
118
0
-118
86
56
-127
37
99
-110
-18
124
-73
-69
124
-23
-107
103
31
-126
63
78
-122
13
112
-98
-38
127
-58
-83
121
-9
-114
96
41
-127
56
83
-120
9
113
-97
-39
126
-60
-80
122
-15
-110
101
31
-126
67
73
-124
25
104
-108
-19
123
-78
-60
127
-40
-94
116
2
-117
92
43
-127
60
79
-123
21
106
-107
-19
122
-81
-56
127
-48
-88
120
-11
-111
102
26
-124
76
61
-127
45
90
-119
10
111
-103
-25
123
-79
-57
127
-50
-84
122
-19
-106
109
13
-120
89
44
-127
64
71
-126
37
94
-118
8
111
-104
-21
122
-85
-48
127
-62
-72
126
-38
-93
119
-12
-108
107
14
-119
92
38
-125
73
60
-127
53
80
-124
31
96
-117
9
109
-107
-12
118
-95
-32
124
-80
-51
127
-64
-68
126
-47
-83
123
-30
-96
118
-13
-106
111
4
-114
102
20
-120
92
35
-124
81
49
-126
69
61
-127
58
73
-126
46
82
-124
35
91
-121
24
98
-117
13
105
-113
4
110
-109
-6
114
-104
-14
117
-99
-22
120
-94
-28
122
-90
-35
124
-86
-40
125
-82
-44
125
-79
-48
126
-76
-51
126
-73
-54
127
-71
-56
127
-70
-57
127
-69
-57
127
-69
-57
127
-70
-57
127
-71
-55
127
-73
-53
126
-75
-50
126
-78
-47
125
-81
-43
125
-85
-38
124
-89
-32
122
-93
-26
120
-98
-19
117
-103
-11
114
-107
-2
110
-112
7
104
-116
17
98
-120
28
91
-123
39
82
-126
50
72
-127
62
61
-127
74
48
-125
85
35
-122
95
20
-116
105
4
-109
114
-13
-99
120
-30
-87
125
-48
-73
127
-65
-57
126
-81
-38
122
-95
-18
115
-108
3
105
-118
25
90
-124
47
73
-127
67
52
-125
87
29
-119
103
4
-108
116
-21
-92
124
-47
-72
127
-71
-47
124
-92
-20
115
-109
9
100
-121
38
79
-127
65
53
-125
90
23
-116
109
-9
-99
122
-41
-75
127
-71
-45
123
-96
-12
110
-115
23
89
-125
57
60
-126
87
25
-116
110
-12
-96
124
-49
-66
127
-82
-30
118
-108
9
97
-123
48
66
-127
83
28
-116
110
-14
-93
125
-55
-59
125
-90
-18
111
-116
27
83
-127
68
44
-122
102
-1
-101
122
-47
-66
126
-87
-21
113
-115
27
82
-127
72
39
-120
107
-10
-94
125
-59
-53
124
-99
-2
102
-123
49
62
-126
93
11
-106
120
-42
-68
126
-89
-16
109
-119
39
70
-127
87
17
-109
119
-40
-69
126
-89
-15
107
-120
44
65
-126
93
8
-103
122
-51
-58
124
-100
2
97
-125
62
46
-121
108
-17
-86
127
-76
-30
114
-116
34
72
-126
91
10
-103
123
-55
-52
122
-106
14
87
-127
77
27
-112
118
-42
-64
125
-99
3
94
-126
70
34
-115
116
-37
-67
125
-97
2
94
-126
72
32
-113
118
-42
-62
124
-102
10
88
-127
80
20
-107
122
-55
-49
120
-111
28
73
-126
95
-1
-94
126
-76
-25
109
-121
54
49
-120
112
-32
-70
125
-100
9
87
-127
85
12
-101
125
-69
-32
112
-120
52
50
-119
113
-35
-65
124
-104
19
79
-127
95
-4
-90
127
-85
-11
99
-126
74
23
-106
124
-64
-34
112
-121
55
44
-116
117
-47
-53
120
-114
39
59
-122
111
-33
-65
123
-108
27
69
-125
105
-23
-73
125
-103
20
75
-126
102
-18
-76
126
-102
18
76
-126
102
-19
-75
125
-103
21
73
-125
105
-24
-70
124
-107
29
66
-123
110
-34
-61
121
-113
41
54
-119
117
-49
-46
115
-120
58
36
-110
123
-68
-25
104
-126
78
13
-96
127
-88
1
87
-127
98
-16
-75
125
-107
32
61
-120
116
-49
-44
113
-122
65
26
-103
126
-82
-6
90
-127
97
-16
-73
124
-110
39
53
-117
120
-61
-30
105
-126
82
4
-88
127
-100
23
66
-122
115
-50
-40
110
-124
76
11
-92
127
-98
20
68
-122
115
-51
-38
108
-125
80
4
-87
126
-104
31
58
-118
120
-64
-23
99
-127
94
-15
-70
122
-115
53
34
-105
126
-87
6
77
-124
112
-48
-39
108
-126
84
-4
-79
124
-112
48
39
-107
126
-87
8
75
-123
115
-54
-32
103
-127
93
-18
-66
120
-120
65
18
-93
127
-103
34
51
-113
125
-81
2
78
-124
115
-56
-28
99
-127
99
-28
-55
114
-124
80
-2
-77
123
-116
59
23
-95
127
-105
38
45
-108
126
-91
17
63
-118
122
-76
-2
79
-123
116
-61
-19
91
-126
109
-47
-34
101
-127
101
-34
-47
108
-126
93
-23
-57
114
-125
86
-13
-65
117
-123
80
-5
-71
120
-121
75
0
-76
121
-120
72
4
-78
122
-119
70
6
-79
123
-119
70
6
-79
122
-119
71
4
-77
121
-120
74
-1
-73
120
-122
79
-7
-68
117
-124
85
-15
-61
114
-126
92
-25
-51
109
-127
99
-36
-40
101
-127
107
-50
-26
92
-125
115
-64
-9
79
-121
121
-79
9
64
-114
126
-93
29
45
-104
127
-107
50
23
-89
124
-118
72
-2
-69
117
-125
92
-28
