     0
     0
 -5696
  5696
  3105
  4977
 -4977
 -3105
  5929
   101
 -5680
 -6162
  6162
  5680
  -101
 -5929
   301
    49
  5509
 -4963
  6345
  5095
 -3389
  6245
 -6244
  3388
 -5094
 -6346
  4960
 -5510
   -48
  -298
 -5479
    29
  5155
  6331
 -2050
 -4516
  1890
  5624
  6312
   272
  1398
 -2042
  -470
  6228
   -51
  4169
 -4167
    53
 -6231
   469
  2042
 -1396
  -276
 -6310
 -5625
 -1893
  4522
  2052
 -6336
 -5154
   -32
  5482
 -2591
    -1
 -6227
  -781
  6136
  5646
 -4722
  2660
  3666
   150
 -1855
  4747
  5561
 -3109
   -82
  3602
  6365
    39
 -6328
 -6380
 -5021
 -4837
  -685
  5535
  4080
 -2742
  5827
 -6025
 -4904
  1376
   -38
 -5046
  5047
    33
 -1377
  4905
  6029
 -5829
  2738
 -4082
 -5531
   687
  4837
  5027
  6380
  6324
   -38
 -6366
 -3601
    85
  3109
 -5565
 -4744
  1852
  -151
 -3665
 -2658
  4722
 -5653
 -6139
   780
  6228
     4
  2596
 -4608
     6
 -6257
 -2925
  2626
 -6042
 -5446
 -6394
 -6246
   146
  1459
   -51
 -6323
 -1147
  -122
  5788
 -6129
    35
  1414
  4444
   584
 -3292
 -1501
 -4291
   858
  5024
  2508
 -6182
 -5830
 -4966
   -30
 -5254
  -589
    41
 -4736
  4348
 -1860
 -2936
  1509
 -1857
  4623
   373
   378
 -4490
  1830
 -5888
   -35
  5081
 -1106
    58
  -813
 -3195
 -4318
 -6282
  -218
 -6350
  1769
  6115
  5789
    -5
  1654
   436
   -18
 -6236
  6241
    27
  -440
 -1652
    -6
 -5782
 -6119
 -1773
  6350
   212
  6281
  4321
  3197
   815
   -63
  1111
 -5082
    42
  5887
 -1831
  4504
  -384
  -378
 -4622
  1858
 -1506
  2930
  1862
 -4358
  4730
   -34
   590
  5255
    29
  4964
  5832
  6179
 -2501
 -5027
  -859
  4294
  1486
  3295
  -587
 -4436
 -1418
   -33
  6119
 -5778
   114
  1158
  6326
    53
 -1461
  -153
  6253
  6400
  5452
  6035
 -2619
  2928
  6256
   -18
  4606
 -2419
   -31
 -6345
  2683
 -2123
   -33
  6499
  5025
  2475
   113
 -5389
  4545
  -217
  2107
  -115
   585
  4478
    36
 -4299
  4781
  4951
 -4237
 -2251
  3725
 -3083
  4643
 -4396
 -6288
  1608
  5602
   -33
  3691
  5317
     7
 -3373
 -5559
 -6288
 -3112
 -6042
  1746
 -6238
   322
   -14
  5962
   -85
  1445
   -35
  6219
 -2056
    44
 -4594
  -682
  2079
  3851
  -203
  6209
 -5411
 -4505
  6177
 -6129
  4432
 -5180
     1
  1647
  3672
   -10
 -4747
  6321
 -5497
  -777
  5966
 -6208
 -6013
   187
 -4783
 -5095
  5934
 -1956
   -64
  1678
  1251
    45
  2069
 -4753
  3625
  1975
  -500
     8
  3666
 -6784
  4043
 -3541
  4128
 -5830
   -20
  3178
 -5549
    43
 -2780
 -6190
  6378
 -6256
 -2821
 -3241
  4538
  1022
 -6294
  5146
  3050
 -3370
   -31
    19
 -5869
    81
  2893
   579
  3309
 -6353
  -138
 -1702
 -4051
 -4913
 -3085
  4273
  6376
  6288
     2
  5398
 -5409
     3
 -6286
 -6372
 -4270
  3102
  4914
  4038
  1697
   141
  6339
 -3325
  -574
 -2884
   -61
  5875
   -15
    13
  3372
 -3046
 -5154
  6308
 -1012
 -4546
  3245
  2809
  6250
 -6392
  6180
  2776
   -45
  5545
 -3171
    29
  5824
 -4138
  3556
 -4044
  6780
 -3676
    -3
   495
 -1976
 -3644
  4751
 -2065
   -49
 -1245
 -1672
    66
  1964
 -5914
  5100
  4778
  -177
  6031
  6214
 -5978
   778
  5494
 -6316
  4744
    10
 -3682
 -1645
    -3
  5176
 -4428
  6131
 -6175
  4508
  5404
 -6211
   215
 -3842
 -2078
   681
  4597
   -43
  2065
 -6212
    34
 -1460
    78
 -5960
    18
  -305
  6239
 -1742
  6048
  3108
  6290
  5561
  3375
     6
 -5318
 -3692
    38
 -5596
 -1614
  6277
  4395
 -4642
  3074
 -3725
  2243
  4239
 -4949
 -4783
  4299
   -37
 -4487
  -564
   118
 -2112
   214
 -4543
  5385
  -126
 -2476
 -5035
 -6503
    32
  2118
 -2674
  6338
    26
  2410
 -1244
    22
  6267
 -4629
  5888
 -5742
 -1517
  4947
 -5933
    87
 -6304
 -1850
  4866
  4054
   -82
  3218
 -5996
    26
  3860
    42
 -5918
  -988
 -2781
  5963
 -5059
  4007
  6405
  6367
  6137
  2913
   -19
 -5967
  -425
     9
 -1388
 -1752
  5536
  3530
 -3990
  3832
   -45
   299
  6388
 -4690
  -468
  4726
   -48
 -5386
  3021
    55
 -6023
    55
 -6372
  5796
  -234
 -1362
 -6373
 -6409
 -5257
  2699
  2391
  6337
   -18
  5726
   408
     8
  5848
 -3988
  -621
 -3037
  3741
 -2991
  3683
   145
 -6011
 -3921
  6395
 -2735
   -90
 -2514
 -4732
    18
 -3518
 -5964
  1199
  5325
  -600
  5600
  4033
 -5547
 -4767
  5161
 -4578
  5014
    -8
 -4684
 -3356
    30
  6323
 -3093
 -6332
  6268
  -296
 -3816
  -586
   834
  2403
 -6415
  5542
  3258
   -57
  4685
  4852
   100
  3171
 -3143
 -4724
 -3626
  -153
  6251
 -6279
  4113
  6241
  3513
 -4699
 -6393
    -6
  4574
 -5319
    -9
  6326
  5422
  5464
  1764
  3992
 -2536
  4450
    98
  5183
 -6143
 -4344
 -2250
  -105
 -6393
  4982
    14
  6376
   676
  2480
 -3154
 -1185
 -6349
  2277
  4347
 -4877
  6221
   284
  4854
   -52
 -3262
 -6157
    19
  -706
 -4896
 -1128
  3194
  5490
 -2944
  5777
   451
  6371
  6313
  3226
 -5916
   -33
 -2485
  1197
    87
   760
 -4696
 -4163
 -1409
  -186
   586
  5406
  1110
 -3702
 -5454
  4202
 -3036
   -18
 -6124
  3272
     2
 -2426
  6092
 -5194
  6270
 -2419
  2467
 -1125
   219
  3633
 -5415
  1797
  2725
   -73
 -1361
  6254
    54
  2738
  -710
  1258
  6298
  -348
  2752
   239
  3389
 -2684
 -4752
 -4038
 -6292
    -7
 -5639
 -4320
    42
  3394
  4668
 -6152
 -1096
 -5063
   991
   190
  1818
 -6287
  3107
 -6335
  5551
   -22
 -1814
  3876
    80
  -308
  4904
 -5899
  2589
   -88
 -2874
  2273
  1815
 -5218
  5986
    92
 -6352
    -6
  3610
 -3608
   -10
  6360
  -106
 -6009
  5207
 -1798
 -2284
  2867
   113
 -2595
  5891
 -4902
   316
   -73
 -3881
  1830
    24
 -5530
  6340
 -3125
  6299
 -1827
  -179
  -988
  5064
  1114
  6146
 -4672
 -3388
   -44
  4328
  5636
     2
  6289
  4045
  4746
  2680
 -3391
  -239
 -2747
   339
 -6292
 -1256
   708
 -2732
   -26
 -6258
  1345
    71
 -2721
 -1783
  5430
 -3636
  -224
  1134
 -2471
  2407
 -6286
  5202
 -6076
  2450
    -9
 -3281
  6099
    11
  3034
 -4196
  5452
  3706
 -1099
 -5407
  -578
   176
  1415
  4155
  4685
  -777
   -73
 -1179
  2480
    18
  5934
 -3244
 -6326
 -6368
  -441
 -5781
  2942
 -5482
 -3190
  1118
  4906
   714
     2
  6158
  3247
    57
 -4862
  -286
 -6224
  4886
 -4352
 -2274
  6358
  1200
  3154
 -2488
  -700
 -6364
   -10
 -4990
  6392
    98
  2248
  4334
  6145
 -5201
   -98
 -4438
  2511
 -3989
 -1758
 -5448
 -5418
 -6330
    -3
  5307
 -4584
     2
  6393
  4709
 -3521
 -6239
 -4134
  6270
 -6250
   152
  3616
  4726
  3146
 -3184
   -86
 -4840
 -4678
    38
 -3263
 -5521
  6408
 -2398
  -832
   590
  3822
   260
 -6267
  6337
  3083
 -6327
   -29
  3353
  4683
    19
 -4998
  4576
 -5158
  4780
  5535
 -4037
 -5595
   575
 -5309
 -1187
  5971
  3495
   -11
  4725
  2506
    74
  2717
 -6389
  3913
  6023
  -153
 -3691
  2994
 -3728
  3044
   618
  4005
 -5855
   -28
  -386
 -5714
    24
 -6336
 -2394
 -2727
  5261
  6413
  6377
  1362
   224
 -5814
  6372
   -65
  5991
   -67
 -3003
  5392
    58
 -4716
   482
  4695
 -6389
  -297
    55
 -3816
  3986
 -3540
 -5534
  1759
  1383
   -17
   435
  5962
    22
 -2905
 -6131
 -6352
 -6402
 -4019
  5057
 -5958
  2786
   984
  5912
   -38
 -3860
   -14
  5996
 -3202
    88
 -4056
 -4866
  1836
  6318
   -99
  5941
 -4948
  1526
  5732
 -5894
  4644
 -6256
   -13
  1233
  -604
     8
  2099
  3593
 -6020
  -564
 -5895
 -1249
    10
    80
  6247
 -4633
  6220
 -5046
  -116
  4126
 -5092
    32
 -6191
 -2697
  1578
 -5468
 -3094
 -6356
  5805
  3705
 -1477
   167
  6236
  1766
   -36
 -5342
 -3402
    14
 -5269
  3845
 -4882
 -5038
 -1283
 -4833
 -4106
   284
 -5045
 -6173
  -491
 -5811
   -60
 -4214
 -5255
    55
  6419
   345
 -3806
 -3004
  -241
  5239
  6207
 -4681
 -4017
 -6389
 -3507
 -1889
     7
  6293
 -1200
     4
  1894
 -6158
 -4907
  4325
  -683
   181
 -6354
   160
  4506
   664
  6165
  2835
   -77
 -5579
  2387
    17
  5641
 -6313
 -5412
  -640
  -657
 -6399
 -4080
 -4236
 -3427
  2851
 -6363
 -6027
   -23
 -6391
  1240
     0
 -4337
  1113
  1306
 -1982
  1199
  3965
  3423
   743
 -6126
 -1960
  6147
 -5637
   -31
 -2183
 -4776
    78
 -3121
 -4553
 -6343
   899
  -170
 -2310
  5091
  6175
   670
  2148
 -5619
   571
    -2
  3726
 -5047
     9
 -1045
  4683
 -6064
 -4832
 -1110
  5246
  1880
   138
 -3424
 -3758
 -5685
  1679
   -75
  1277
 -1306
    34
 -4703
  2631
  6310
  6312
 -1354
  5724
 -1627
  4789
  5125
 -1483
 -3416
   100
   -37
 -6251
 -4089
    11
  5963
  -441
  6393
 -5683
  3760
  2430
 -6273
   413
 -4867
  2079
  2536
  6350
   -64
  5018
 -6276
    66
    17
 -3955
 -6345
  4383
  -189
  4475
 -3787
  4605
  4121
  5581
  6259
  6075
     0
 -6582
  5140
    42
  6317
  4609
  5648
  1514
 -5266
  -476
 -3834
   220
 -5896
  -778
  2453
 -1841
   -56
 -6276
  2538
    54
 -4499
 -1245
  6130
 -4446
  -368
  1228
 -1058
  1008
 -5651
  5397
 -6366
  1664
    -7
 -3067
   739
    41
 -6210
  6254
 -1622
  6234
 -5082
   -18
 -2325
  1603
  3340
  6046
 -5730
 -2596
   -22
  4420
  3944
    64
  -403
  6115
 -3590
  -750
   -96
 -3868
 -5241
  5787
   665
 -2527
  6232
  -886
    11
  4127
 -3027
    -9
  -222
  6186
  5740
  5434
  3733
 -1683
 -6351
    93
  4324
  6230
 -2851
 -1249
   -94
  5938
  6184
    54
  6322
  6020
  4857
 -2637
 -2051
 -1917
  2017
  4869
  5778
 -1424
 -1733
 -1739
   -65
  6361
  6426
    10
 -3556
 -1092
  2746
 -5778
 -5191
  -733
  5659
   367
  4555
  4843
   248
   540
   -26
  -154
 -6144
    42
  3772
 -1202
  6047
  -211
  -181
 -5355
  4179
 -1245
  -690
   996
 -1568
  5014
   -57
  -901
  5112
    -8
  4983
  2417
   146
  5808
  3016
  6278
  5337
   187
  2146
  -730
  5376
  1312
   -94
 -6230
  6354
    54
 -4349
 -3999
 -3316
  3270
  -501
  3359
 -3351
 -6531
 -5211
  5881
  6363
  5133
     5
  5847
 -1685
    39
  6265
 -3959
  -956
  2750
 -3707
  2797
 -5983
  1091
  3238
  5002
  1278
  5668
   -41
 -5781
 -1340
    80
 -2528
  2556
  5970
  6126
  -137
  6145
   980
 -6478
 -6190
   904
  1609
  -929
   -20
  5444
 -5125
    21
  -342
 -2422
  6382
 -3986
   446
 -5982
  4408
   118
 -5361
   879
  1361
  2995
  -104
 -3400
 -5805
    35
    48
 -4470
  2065
 -3703
  -921
  2231
 -3559
  1667
   374
   -30
  5898
  2938
     5
  6139
   935
    31
  -602
   368
  4531
 -4709
  6469
  3849
  3307
   593
  6014
 -6258
  5393
  -831
   -47
  5549
 -6034
    86
 -2296
 -6272
  6307
 -6303
  -184
 -2080
 -5003
 -6325
  6344
 -5660
 -2932
  3370
    -2
 -2056
 -4041
     5
  2121
 -6253
 -4178
 -2804
  6358
 -6128
  3410
   258
  6228
  3552
   268
 -5466
   -44
 -5878
 -2493
    51
  3376
   326
 -1216
  4276
  -272
 -4104
  2823
  5625
 -5377
 -1163
  5922
 -6322
    18
 -2766
  1795
    23
  6101
 -4487
  -804
  2754
 -4358
 -4120
  5118
  2514
 -6069
  3201
 -2688
  -412
   -37
  1453
  6229
   109
  3179
 -2517
 -1572
 -6182
   -97
 -4437
  6374
 -4196
  5614
  2580
  5190
   684
    -2
  1796
 -1808
     4
  -696
 -5176
 -2569
 -5629
  4190
 -6372
  4402
    98
  6190
  1546
  2528
 -3176
  -104
 -6228
 -1462
    32
   432
  2698
 -3206
  6062
 -2510
 -5094
  4122
  4344
 -2757
   783
  4494
 -6094
   -27
 -1817
  2750
     8
  6331
 -5941
  1189
  5391
 -5609
 -2847
  4120
   288
 -4294
  1226
  -329
 -3375
   -40
  2492
  5881
    55
  5478
  -246
 -3579
 -6227
  -265
 -3385
  6133
 -6347
  2815
  4163
  6256
 -2134
   -17
  4011
  2057
     9
 -3359
  2909
  5653
 -6339
  6322
  5020
  2089
   157
  6321
 -6287
  6281
  2269
   -67
  6037
 -5552
    52
   816
 -5412
  6268
 -6002
  -599
 -3315
 -3856
 -6442
  4685
 -4555
  -378
   596
   -14
  -916
 -6157
     1
 -2913
 -5895
    19
  -357
 -1675
  3585
 -2238
   904
  3714
 -2064
  4495
   -53
   -35
  5805
  3393
    77
 -2988
 -1382
  -911
  5351
  -140
 -4408
  5981
  -437
  3966
 -6378
  2440
   336
     6
  5158
 -5441
    53
   934
 -1590
  -921
  6201
  6466
  -966
 -6161
   117
 -6093
 -5987
 -2531
  2505
   -82
  1336
  5775
    33
 -5708
 -1268
 -5000
 -3242
 -1086
  5992
 -2807
  3671
 -2742
   926
  3953
 -6263
   -30
  1684
 -5841
    19
 -5115
 -6367
 -5880
  5208
  6534
  3354
 -3381
   473
 -3266
  3294
  4017
  4331
   -39
 -6333
  6230
   102
 -1324
 -5368
   715
 -2153
  -158
 -5316
 -6278
 -3012
 -5786
  -148
 -2400
 -5002
     3
 -5113
   904
    42
 -5008
  1566
  -981
   673
  1257
 -4157
  5342
   206
   222
 -6034
  1192
 -3772
   -74
  6174
   155
    63
  -562
  -232
 -4835
 -4541
  -367
 -5697
   733
  5183
  5780
 -2756
  1112
  3552
    -2
 -6434
 -6357
    41
  1776
  1728
  1399
 -5769
 -4889
 -2025
  1912
  2036
  2644
 -4868
 -6031
 -6333
   -36
 -6188
 -5949
   113
  1251
  2865
 -6224
 -4322
  -127
  6369
  1697
 -3711
 -5434
 -5736
 -6197
   215
   -13
  3011
 -4136
   -14
   865
 -6247
  2504
  -670
 -5788
  5262
  3876
   120
   756
  3604
 -6088
   382
   -92
 -3950
 -4403
    21
  2596
  5722
 -6047
 -3351
 -1606
  2324
     7
  5119
 -6239
  1641
 -6249
  6249
   -16
  -744
  3063
     1
 -1696
  6360
 -5431
  5675
  -992
  1060
 -1204
   370
  4450
 -6116
  1252
  4524
   -72
 -2556
  6281
    47
  1849
 -2473
   810
  5860
  -200
  3834
   496
  5266
 -1506
 -5620
 -4579
 -6333
   -33
 -5155
  6582
    26
 -6053
 -6243
 -5573
 -4147
 -4618
  3794
 -4468
   192
 -4395
  6347
  3956
   -22
   -45
  6267
 -4988
    56
 -6341
 -2523
 -2086
  4868
  -404
  6290
 -2418
 -3760
  5687
 -6369
   449
 -5969
     7
  4045
  6251
    23
   -72
  3390
  1459
 -5131
 -4781
  1605
 -5729
  1355
 -6340
 -6330
 -2660
  4698
   -79
  1317
 -1241
    75
 -1666
  5700
  3766
  3416
  -137
 -1889
 -5243
  1137
  4847
  6039
 -4672
  1036
   -16
  5024
 -3717
    -1
  -575
  5597
 -2163
  -681
 -6183
 -5053
  2304
   154
  -898
  6360
  4552
  3096
   -70
  4782
  2180
    34
  5633
 -6179
  1981
  6137
  -755
 -3391
 -3970
 -1190
  1969
 -1289
 -1132
  4344
   -23
 -1229
  6382
    36
  6008
  6374
 -2847
  3423
  4263
  4105
  6422
   638
   623
  5397
  6315
 -5623
   -14
 -2398
  5593
    45
 -2864
 -6142
  -665
 -4521
  -158
  6360
  -176
   668
 -4346
  4898
  6137
 -1859
    -9
  1199
 -6268
   -18
  1904
  3522
  6361
  4003
  4663
 -6183
 -5229
   235
  2982
  3796
  -325
 -6413
   -52
  5230
  4230
    56
  5825
   513
  6162
  5042
  -292
  4096
  4815
  1295
  5048
  4866
 -3849
  5283
     7
  3415
  5354
    58
 -1783
 -6249
  -157
  1477
 -3705
 -5835
  6349
  3067
  5469
 -1557
  2701
  6209
   -36
  5086
 -4145
   121
  5026
 -6218
  4637
 -6235
  -101
   -13
  1255
  5887
   554
  5996
 -3610
 -2100
     6
   604
  -289
    -5
  2489
 -6179
  4120
  2540
 -6187
  6295
  5268
    96
  2208
  5552
 -6393
  3347
   -89
 -1541
 -2698
    30
  1092
  3888
 -5254
  -278
 -3218
  -370
 -1908
  3568
 -5907
  4139
 -5758
  5048
   -17
 -3173
 -4631
   -11
   121
 -5775
  6174
 -6454
   304
 -3624
  3131
   299
 -5299
  4669
   520
 -1942
   -63
     5
 -6285
    63
  -221
  -441
  1002
 -6374
  -251
 -1461
 -2270
 -3366
   314
  3798
  5623
  5973
     4
  6068
 -1958
    30
  3298
  4118
 -1331
  6167
 -2870
 -6238
 -2911
   175
  5530
 -2986
 -5848
  5574
   -64
 -1518
  5352
    62
  1640
  6330
  6366
 -5974
  -640
 -1696
 -4891
 -3511
  1780
  2426
  6065
  4745
   -46
 -6104
  3331
    35
  6171
 -3273
 -5504
 -5928
  1986
 -4938
 -4413
   709
 -1483
 -1901
 -6260
 -1580
   -39
 -5169
 -6310
    76
  5600
  5078
  6010
  6294
  -138
 -6330
 -4963
  5879
 -3037
  4349
  2967
 -5117
     8
  3234
 -4814
     0
  5223
 -1173
  4256
 -6346
 -3605
  1923
 -4257
   131
 -5793
  1979
  6127
  6163
  -136
  5666
 -4366
    72
  5518
 -3636
 -4361
  3069
 -1406
  3798
 -6233
  4969
  6261
  5455
  4873
  5717
   -43
 -6279
 -2461
    -1
 -1110
 -2188
 -3639
 -6149
  2714
 -6030
 -2795
   399
 -5626
  1366
 -2103
 -1365
   -46
  6362
 -5230
    28
  6382
  3524
  5844
 -3210
  -149
 -2253
  5745
  5665
  6319
 -5493
 -4537
 -5281
   -16
 -6490
  5805
    19
 -4652
 -1776
 -5424
 -2732
 -6011
  6323
  3025
   223
   499
 -1975
 -2788
  6206
   -47
 -3607
 -1610
    54
 -3468
  1480
 -6186
 -6028
  -400
 -5610
 -6201
  -243
 -1985
 -5995
  5891
 -6143
   -26
 -1322
  3250
    44
  1628
 -6350
 -3185
  3101
 -5097
 -6351
  5442
  1562
  6471
 -3531
  5201
  6289
   -43
  6113
 -1506
    94
  6352
 -6388
  1897
 -6439
  -146
  2272
 -1791
  6193
  3886
  6328
 -5757
 -3823
     7
  4405
 -2694
     2
  4576
 -5768
 -4745
  3143
  5680
 -5314
 -3597
    91
 -4007
 -5615
  1614
  6150
  -110
  5474
  6101
    47
 -2931
 -5573
 -6379
 -6385
 -2101
  5685
 -5845
  4747
  1125
  5285
   111
 -4989
   -19
  5585
  6075
    -9
  6416
  3642
  3066
 -6164
 -5754
 -6240
  -913
   323
  5934
 -6276
   -37
 -6427
   -70
  3890
 -5621
    77
  4819
   901
 -4467
  5933
  -262
  1068
  4160
 -3018
  3575
  4779
 -1595
    75
   -20
   364
  4460
    24
  -125
 -5207
  5520
  3154
  4729
  -227
  -839
   181
 -5210
  3120
 -5621
  6097
   -84
 -3284
  4680
    24
  5483
  4365
  -156
  6274
  -509
  6159
 -5322
 -6784
  -886
 -1848
 -5603
   553
   -19
  4757
 -3911
    13
 -3854
  5312
 -3923
 -2779
 -3282
 -5616
 -3393
  1029
 -3222
 -6406
 -2169
 -4321
   -29
 -3433
 -5657
   101
  5807
 -1619
 -4897
  -423
  -137
  4505
  5826
 -6218
 -5619
 -6097
 -4927
 -3907
    -1
  5455
 -5294
   -16
  4891
  5343
 -2380
  -468
  2889
  3683
  6187
   111
  2217
  1285
  -399
  5603
   -64
  1916
 -3431
    27
 -6109
  3785
  1950
  2806
  -923
 -5353
 -5387
  2241
  5175
  4707
 -6330
 -6392
   -42
  6300
 -1233
     5
 -5119
  1971
 -6346
 -6426
  6698
 -5134
  6111
   517
  4636
  5920
 -5057
  6299
   -67
  2681
 -5639
    41
  6077
  6141
 -6154
 -2812
  -163
  4493
 -2695
 -6543
  4481
   113
  5589
 -6335
   -11
 -2903
 -2935
    27
 -6061
  6049
 -1799
 -5925
  5633
  2555
 -3703
   219
  3573
  -881
  -425
  3825
   -45
 -2619
 -5670
     8
 -5844
  -286
  4133
  5899
  -292
  3180
 -5962
  5990
 -1625
 -4415
 -6337
  2605
   -21
 -4147
 -1040
    48
  -528
  3132
 -3726
  6252
 -4517
 -5269
  4503
  2373
 -1806
  1134
  3889
 -5905
   -36
 -1704
  4789
   105
  5805
  1173
  3179
 -2575
  -135
 -6237
 -2035
 -5977
  3272
 -6404
 -1504
 -4840
    -8
  2112
 -1552
   -26
 -3665
  6327
 -4425
 -6503
  1484
  2120
 -1380
    90
  -878
   116
 -3781
  5219
   -98
 -2584
 -4263
    33
 -6078
 -1504
  6029
  4697
 -2698
  3016
 -4380
  4172
  3131
 -4931
 -5488
  4094
   -28
 -4282
  1235
    27
 -4334
  4260
 -5772
  6154
 -4941
 -5437
  5966
   286
  2828
  1980
   436
 -4882
   -61
 -1889
  6022
    72
  2708
    50
  5617
  -497
  -258
 -6258
   889
 -6593
 -1673
 -6287
 -4851
 -3647
   -40
  4970
  1165
    -7
 -1783
   549
 -5282
 -5804
  5352
 -4886
  6308
   156
   453
  5491
 -6302
  5782
   -96
  2552
 -6324
    30
  6018
  5636
 -4453
  -697
  -567
  4413
 -5014
 -6108
  -109
  -549
  2669
 -5885
   -24
 -2924
 -5136
    16
 -3685
  4729
  4667
  4617
 -1009
 -5159
 -6333
   897
  6394
  5190
 -5038
 -6176
   -51
  6269
  6335
    41
  5637
  2243
  3046
  4378
  -126
  1926
   608
  1986
  6134
  3220
  1484
  4336
   -32
  4864
 -5381
     1
 -5097
 -2403
 -5294
  4780
  5688
  6330
 -1668
    94
 -2688
  6354
  3505
  5923
   -65
 -3967
  6359
    21
  -938
   262
  1642
 -6440
 -1164
  -910
 -5832
  4024
 -6140
 -5264
 -2177
  1563
    -3
  -875
 -6362
    28
  5887
  6107
  5621
  6151
  6114
 -5538
  4205
   451
  3579
 -5767
 -3589
  3567
   -41
 -5485
  5342
    78
  6297
  5007
  1854
 -6414
  -176
 -5516
  2303
  -967
 -6046
  5574
  -988
  6228
    18
 -5666
  2134
    20
  6183
 -4401
  5850
  4568
  -597
  5363
  5294
   218
  6184
  6292
 -1477
  5453
   -83
  3255
  4130
     2
 -6123
   403
  2140
  2368
  -364
 -4588
 -6346
  4390
  2135
  6249
  1662
  2428
    -7
 -6239
 -5904
    14
 -6260
 -3366
  3314
 -5744
 -4991
 -6199
  6349
  1951
 -3568
  1084
  6370
  1144
   -48
 -4642
 -1690
    94
  6347
 -4035
  6375
 -5357
   -95
  3249
 -6387
 -1015
 -6222
  -308
  3960
  4156
   -25
  3305
 -3853
     7
 -4967
  3985
  4410
  2650
 -4259
 -4949
  6371
   141
 -6107
 -5005
  5640
  6342
  -135
 -6399
 -1479
    27
  4780
 -6160
  5935
  2903
 -1729
  6259
 -6331
  5099
 -4378
 -5490
  5731
 -3627
   -34
  1966
  4528
   -26
 -4255
 -5807
   579
  5897
 -2228
 -6392
 -6309
   359
 -2410
  4268
  -932
 -5224
   -51
 -5645
  5318
   104
  6027
  2067
 -3397
  3927
  -222
  6184
  6210
  4034
 -5074
   370
  6197
  3067
     9
 -4293
  6394
   -12
  2467
  6047
   168
  -272
 -3023
  4319
 -6003
   173
 -5575
 -5763
 -4272
  6340
   -36
  3640
 -1584
    50
  1210
  2836
  4980
 -1748
  -393
   897
 -5756
 -4686
  1823
  4191
 -2898
  5020
   -11
  5397
  5165
    57
  5862
 -1664
  3433
  -169
 -4583
 -6069
  1661
  1291
 -3213
  5569
  1710
  2596
   -49
 -2125
  4096
    64
  6124
 -5156
 -5132
 -4694
  -130
 -6220
  4938
 -1564
  1800
  -742
  6400
  3672
    -9
  5161
 -4172
    24
 -4279
 -6373
  6327
 -4191
 -5587
 -2541
 -4118
   194
  5991
 -5975
 -3866
  5496
   -83
   -15
 -1506
    44
 -4382
  5840
 -5090
  4094
  -813
 -6067
 -4998
  -462
 -3317
 -3847
 -1033
  2059
    -2
  1144
  5898
     4
  -906
 -5884
  6212
  6212
  4981
 -4989
  1506
   612
 -5385
 -2541
 -6106
  4276
   -78
  1436
  6025
    75
  5760
  6264
 -1697
  3299
  -189
  2967
 -6164
 -1620
  -817
 -5867
 -6046
  5742
   -17
   445
 -6160
    42
  3931
  -693
 -3281
  6227
  5661
  -791
 -5290
   264
 -4265
 -5785
   258
  1242
   -54
  1558
  6332
    44
 -3446
  -538
 -6194
 -1844
  -281
  5975
 -4639
  2711
  1009
   579
  1197
 -5997
    12
  2008
  6357
    -1
  6356
  6348
  4468
 -4270
 -3852
 -3254
  1372
  2936
  5846
 -2934
 -1267
 -3439
   -56
  6302
 -6314
    68
  4473
  5673
 -3319
   667
  -113
  5233
  5481
  4181
  3558
  -188
  -627
  5519
   -17
   925
  -910
     4
 -5548
   594
   177
 -3589
 -4174
 -5466
 -5262
    94
  -622
  3306
 -5649
 -4489
   -97
  6335
 -6265
     1
  3438
  1250
  2951
 -5841
 -2948
 -1362
  3247
  3861
  4263
 -4455
 -6361
 -6359
    11
 -6375
 -1988
     2
  5976
 -1214
  -542
 -1018
 -2724
  4628
 -5966
   260
  1830
  6164
   532
  3458
   -15
 -6311
 -1536
    18
 -1231
  -243
  5748
  4278
  -277
  5283
   771
 -5653
 -6221
  3283
   690
 -3900
   -10
  6200
  -436
    14
 -5772
  6062
  5890
   824
  1642
  6208
 -2946
   166
 -3306
  1738
 -6281
 -5779
   -79
 -6041
 -1450
    74
 -4294
  6130
  2571
  5351
  -597
 -1529
  4964
 -4936
 -6218
 -6226
  5906
   958
   -29
 -5891
 -1140
     8
 -2041
  1029
  3854
  3362
   475
  5021
  6060
   780
 -4083
  5115
 -5850
  4358
   -13
  1481
    47
    71
 -5471
  3845
  5983
 -5983
  -184
  4140
  2517
  5593
  4217
 -6371
  6362
  4282
   -33
  4169
 -5174
    12
 -3683
 -6371
   752
 -1784
  1559
 -4895
  6191
   135
  4686
  5108
  5144
 -6114
   -91
 -4115
  2146
     4
 -2641
 -1741
 -5553
  3257
 -1258
 -1638
  6124
  4590
   145
 -3423
  1655
 -5847
   -35
 -5193
 -5365
    21
 -5007
  2891
 -4199
 -1803
  4700
  5770
  -869
   417
  1760
 -4980
 -2847
 -1231
   -42
  1584
 -3594
    44
 -6322
  4304
  5783
  5571
  -183
  6029
 -4301
  3025
   278
  -142
 -6014
 -2452
     1
 -6459
  4319
    -1
 -3064
 -6198
  -357
  5089
 -4027
 -6201
 -6199
   197
 -3882
  3404
 -2068
 -5966
   -92
 -5354
  5652
    34
  5262
   944
 -4243
  2377
  -351
  6325
  6395
  2217
 -5921
  -535
  5810
  4288
   -44
 -4562
 -1977
    25
  3619
 -5711
  5522
  4362
 -5098
  6338
 -6247
  1731
 -2926
 -5946
  6194
 -4754
   -14
  1458
  6382
   104
 -6342
 -5676
  5020
  6092
  -154
 -6330
  4966
  4230
 -2687
 -4393
 -3990
  4942
   -34
  3886
 -3360
    20
 -4166
 -3938
   315
  6243
  1010
  6356
 -3262
   108
  5359
 -6373
  4021
 -6389
   -98
  1674
  4669
     3
 -1140
 -6360
 -1102
  3574
 -1924
 -6328
  6202
  4950
  5728
 -3332
  3383
  6255
   -44
  5898
  6207
    21
 -2426
 -1686
 -6239
 -2173
 -4372
  6388
  4607
   357
 -2371
 -2117
  -416
  6124
   -39
 -4153
 -3264
    96
 -5433
  1477
 -6323
 -6149
  -189
 -5311
 -5407
   611
 -4549
 -5851
  4425
 -6179
   -35
 -2127
  5664
   -16
 -6227
   983
 -5582
  6052
   931
 -2317
  5509
   171
  6415
 -1859
 -5019
 -6323
   -42
 -5348
  5497
    67
 -3587
  3591
  5739
 -3607
  -470
 -4230
  5561
 -6135
 -6123
 -5639
 -6040
 -5892
   -25
  6317
   825
    41
 -1550
  2192
  5255
  6161
 -4065
  5829
   929
  1179
  6425
 -1641
  -265
   961
   -32
 -6324
  3943
    85
 -5869
 -3523
 -6335
  2697
  -129
  1627
 -6326
 -5718
 -4767
  5299
  2406
  5132
    -7
  5389
 -4907
    15
 -4371
 -1457
 -3195
 -6137
 -2000
  -644
 -1911
   145
 -4385
 -3025
 -2262
 -5616
   -77
 -6333
 -6245
    69
  6142
  5026
 -5203
 -6403
  -878
  6308
  5166
   988
 -4615
 -4687
 -4726
  3670
    -9
  5093
  2953
    75
  5900
 -2684
   530
    98
  6097
  4983
 -4378
   558
   678
  4430
 -5677
 -6025
   -49
  6319
 -2557
    79
 -5791
  6325
 -5525
  -445
  -173
 -6305
  4907
 -5361
  5806
  5280
  -604
  1762
     8
 -1166
 -4991
    55
  3635
  4901
  6309
  1639
  6622
  -890
  6282
   224
   517
 -5595
   -70
 -2704
   -69
 -5977
  1846
    60
  4922
  -464
 -1965
 -2831
  -267
 -5989
  5443
  4991
 -6178
  5752
 -4250
  4336
   -44
 -1234
  4300
    36
 -4065
  5441
  4959
 -3103
 -4183
  4375
 -3010
  2678
 -4691
 -6025
  1449
  6063
   -26
  4282
  2559
    87
 -5188
  3790
  -121
   877
   -58
  1358
 -2084
 -1466
  6462
  4424
 -6309
  3671
    43
  1523
 -2117
   -21
  4830
  1532
  6378
 -3236
  5973
  2037
  6269
   139
  2594
 -3190
 -1169
 -5803
  -104
 -4736
  1690
    26
  5920
 -3880
 -1150
  1790
 -2363
 -4545
  5256
  4498
 -6261
  3751
 -3136
   546
   -39
  1065
  4184
    48
 -2611
  6335
  4415
  1599
 -5988
  5938
 -3186
   302
 -5860
 -4140
   265
  5849
   -24
  5690
  2650
    20
 -3808
   398
   898
 -3588
  -217
  3711
 -2541
 -5617
  5877
  1781
 -6059
  6081
   -12
  2906
  2886
   -12
  6318
 -5568
  -135
 -4477
  6557
  2727
 -4491
   191
  2811
  6157
 -6107
 -6031
   -60
  5618
 -2627
    33
 -6290
  5048
 -5874
 -4646
  -544
 -6124
  5158
 -6714
  6432
  6344
 -1959
  5153
   -60
  1214
 -6310
    36
  6432
  6318
 -4723
 -5173
 -2270
  5362
  5380
   936
 -2794
 -1946
 -3754
  6108
     0
  3470
 -1889
   111
 -5633
   375
 -1261
 -2235
  -155
 -6145
 -3667
 -2871
   477
  2361
 -5373
 -4885
     6
  5312
 -5464
    -6
  3930
  4876
  6125
  5619
  6207
 -5847
 -4503
   145
   391
  4855
  1621
 -5831
   -88
  5634
  3402
    24
  4339
  2167
  6378
  3230
 -1009
  3357
  5623
  3337
  2775
  3925
 -5326
  3848
   -39
  3905
 -4781
    15
  -550
  5628
  1815
   907
  6764
  5306
 -6127
   515
 -6255
   135
 -4339
 -5511
   -20
 -4702
  3301
    71
 -6122
  5618
 -3112
  5202
  -141
   839
   198
 -4734
 -3173
 -5511
  5221
   103
   -55
 -4489
  -372
   -16
  -106
  1618
 -4797
 -3583
  3021
 -4125
 -1076
   218
 -5945
  4511
  -898
 -4822
   -67
  5623
 -3919
    45
  6416
    22
  6285
 -5909
  -339
   879
  6220
  5792
  6154
 -3058
 -3655
 -6423
   -19
 -6091
 -5596
     0
  4940
   -72
 -5319
 -1113
 -4733
  5853
 -5656
  2130
  6381
  6361
  5563
  2943
    11
 -6109
 -5396
   134
 -6117
 -1625
  5631
  4035
  -100
  3606
  5320
 -5670
 -3102
  4728
  5754
 -4578
    11
  2697
 -4407
     9
  3790
  5752
 -6339
 -3915
 -6211
  1809
 -2227
   165
  6428
 -1910
  6378
 -6388
   -51
  1501
 -6121
    33
 -6306
 -5234
  3543
 -6443
 -1554
 -5438
  6366
  5098
 -3114
  3190
  6367
 -1603
   -52
 -3276
  1312
    78
  6185
 -5911
  5979
  2005
   269
  6187
  5614
   384
  6036
  6142
 -1482
  3476
   -63
  1645
  3638
    46
 -6221
  2761
  1990
  -504
  -226
 -3036
 -6337
  6005
  2730
  5450
  1774
  4630
    -3
 -5817
  6513
    19
  5256
  4524
  5508
 -6308
 -5680
 -5768
  2243
   223
  3186
 -5872
 -3506
 -6396
   -53
  5215
 -6401
    27
  1360
  2126
 -1362
  5600
  -418
  2788
  6071
 -2709
  6172
  3646
  2179
  1117
     8
  2452
  6266
    50
 -5715
 -4865
 -5454
 -6264
 -4990
  6244
 -3834
  1416
 -3056
  4346
  3628
 -5556
   -41
  4353
 -5642
    86
 -6150
 -6134
 -1981
  5821
  -118
  4246
 -1891
  3575
  6352
 -4244
  1145
 -5237
     1
  4827
 -3243
   -47
  5099
 -2969
 -4319
  3015
 -5904
  4960
  6359
   183
 -6307
 -6003
 -5072
 -5590
   -97
  6319
  5173
    21
  1568
  6246
  1946
  1498
  -708
  4416
  4915
 -2005
  5946
  5536
  3284
 -6170
   -72
 -3354
  6111
    49
 -4759
 -6065
 -2428
 -1746
  3525
  4889
  1729
   629
  5946
 -6384
 -6331
 -1655
   -81
 -5349
  1526
   108
 -5528
  5870
  2959
 -5557
  -139
  2905
  6282
  2876
 -6168
  1346
 -4170
 -3314
   -21
  1969
 -6058
   -18
 -5996
 -5608
 -3805
  -301
  3339
  2319
  1443
   253
  6318
 -1038
   428
   246
   -33
  6271
    70
    74
  1901
  -497
 -4666
  5338
  -331
 -3081
  3618
  -306
  6422
 -6170
  5770
  -156
    24
  4630
  3190
    18
 -4993
  5733
 -4115
  5901
 -3584
  1890
   344
  3240
   300
  5248
 -3880
 -1072
   -20
  2728
  1555
    85
 -3342
  6382
 -5532
 -2224
  -118
 -5294
 -6333
  6147
 -2541
 -4117
  6204
 -2480
    36
   292
