  4612
   208
 -2844
 -2844
 -5571
 -4063
 -4063
 -5571
 -2263
   355
  2784
  1644
  1644
  2784
   353
 -2261
  6366
   258
  3212
 -3996
   832
 -3802
  1116
  1126
  1127
  1115
 -3799
   829
 -3999
  3211
   261
  6367
 -3088
   224
  3724
  -172
 -6031
 -4761
 -6649
  2993
  -866
   686
 -6312
 -6036
 -6347
 -1099
   274
  4820
  4819
   275
 -1095
 -6347
 -6036
 -6314
   684
  -866
  2994
 -6652
 -4763
 -6027
  -172
  3722
   224
 -3086
 -5638
   220
 -1200
  6314
 -1725
  2537
  3749
  5775
  5239
   473
  6030
 -4218
  3154
  5534
   321
  5243
  -129
   255
    34
   312
 -3894
 -4314
  1168
  3152
  4922
 -6866
 -2879
  2035
  4021
  6205
   261
  3877
  3880
   262
  6208
  4022
  2027
 -2877
 -6866
  4920
  3152
  1170
 -4316
 -3894
   307
    35
   259
  -129
  5240
   318
  5538
  3152
 -4220
  6030
   475
  5235
  5778
  3748
  2533
 -1719
  6313
 -1199
   221
 -5635
  2060
   236
   987
 -5691
 -5815
 -2575
  2839
   -81
  1160
   438
 -6255
 -6371
   595
  6233
   358
 -2582
 -1697
   249
  6194
  4538
  6326
  5420
  1515
 -4713
  6309
 -2985
  5817
 -1597
 -2539
  3961
   251
  3671
  6346
   210
 -4263
  4635
  6091
 -5835
  5620
  6116
  4411
   879
 -6446
  4552
 -6114
 -2534
   285
 -3841
  6269
   319
  6286
 -5546
 -4704
 -1472
   570
  -466
 -6120
  -930
  2690
  6332
 -6163
 -6381
   237
  1911
  1910
   230
 -6377
 -6155
  6339
  2677
  -930
 -6118
  -454
   574
 -1471
 -4709
 -5548
  6290
   326
  6264
 -3846
   276
 -2535
 -6115
  4549
 -6443
   873
  4409
  6115
  5619
 -5829
  6091
  4637
 -4259
   207
  6347
  3665
   249
  3966
 -2544
 -1588
  5812
 -2982
  6302
 -4712
  1510
  5417
  6329
  4540
  6196
   255
 -1695
 -2588
   368
  6232
   600
 -6381
 -6259
   437
  1159
   -79
  2839
 -2578
 -5818
 -5698
   990
   240
  2072
  3968
   208
  -216
 -5808
  6032
  6142
  -606
  3904
  5884
   414
 -3402
  4464
 -6368
  5944
   370
 -6322
 -4537
   255
 -4686
 -4172
  4017
 -4919
  1521
 -5143
  5577
  -231
  4426
 -1136
  6178
 -3006
   267
 -5179
 -3630
   224
  5380
 -3154
   877
 -5727
   -15
  6141
 -1199
   781
  6301
  2169
 -6394
 -6228
   280
  1426
  6033
   289
  4323
 -6333
  6044
  4948
   620
  1452
 -3377
  4249
 -1951
 -1781
  4557
 -3757
   226
  6106
 -5379
   229
 -4226
   316
 -3216
  6178
 -3009
  1515
 -2027
   533
 -4215
  3869
 -2406
  6052
   336
  6154
 -6257
   281
  6021
 -4289
 -5218
  5962
   995
 -6359
  5227
 -1001
 -5112
  5270
 -4880
 -2666
   216
 -5502
 -3128
   238
 -5763
 -1639
  -545
  1403
 -6326
  5472
  4448
  1332
  -320
  3712
  5593
 -5465
   268
  6400
  2456
   338
  5658
  6356
  5451
   879
   456
 -6154
 -4886
 -4544
 -5686
  4720
   373
   661
   231
 -1589
 -1594
   216
   649
   373
  4714
 -5682
 -4554
 -4882
 -6156
   448
   874
  5458
  6352
  5664
   351
  2457
  6403
   265
 -5462
  5594
  3723
  -311
  1327
  4445
  5478
 -6336
  1415
  -537
 -1641
 -5759
   248
 -3140
 -5485
   225
 -2664
 -4892
  5275
 -5121
  -997
  5235
 -6369
   999
  5948
 -5218
 -4288
  6028
   268
 -6256
  6148
   338
  6048
 -2402
  3849
 -4207
   532
 -2034
  1498
 -3006
  6196
 -3228
   330
 -4218
   230
 -5370
  6119
   231
 -3772
  4550
 -1791
 -1959
  4270
 -3376
  1444
   612
  4953
  6023
 -6329
  4319
   279
  6027
  1423
   285
 -6227
 -6381
  2158
  6294
   779
 -1187
  6144
   -26
 -5722
   872
 -3150
  5386
   233
 -3633
 -5176
   258
 -2998
  6168
 -1130
  4426
  -243
  5583
 -5139
  1529
 -4909
  4011
 -4173
 -4691
   255
 -4555
 -6330
   364
  5942
 -6368
  4470
 -3400
   405
  5877
  3917
  -597
  6148
  6040
 -5809
  -197
   219
  3975
  4395
   215
  1340
  4418
  2461
 -3199
  5934
 -4004
 -2365
   369
  -152
  6092
 -4147
  4837
   387
  5483
 -2105
   265
 -5115
 -6381
 -2354
  6194
  1421
 -2197
  3867
   597
  -805
   345
  1813
  5629
   239
 -2261
 -6355
   225
 -6250
  6096
  3201
  5115
 -5317
  5093
 -6364
   734
   451
  4307
 -6380
 -4262
   314
 -3408
 -5624
   266
  1974
 -6376
   191
 -2589
   661
  6217
   -45
 -2177
  3335
  5759
 -5892
   172
   229
  2587
 -6397
   211
  2593
 -5011
  6336
 -5804
  4974
  5642
 -5193
   513
  1873
 -5049
   218
  5738
   303
 -5859
  4241
   267
  5285
 -2325
  6257
 -3447
  1062
 -3028
  4946
 -4718
  3994
 -3710
 -4393
 -3885
   225
 -4339
  5408
   228
  -937
  5557
  -571
   725
 -7267
  5105
  6353
  1271
  5858
   -94
  3229
 -5505
   242
 -4354
 -4141
   353
  5514
  5530
  4199
  5247
   474
  1304
  1027
 -4997
  1541
 -5339
 -4276
    44
   195
 -3779
   464
   216
 -1025
  3309
  3312
  5896
  4812
 -5864
  4558
   464
 -3817
 -1873
  4644
  5968
   345
   -97
 -3997
   247
   807
  6335
 -5860
 -5680
  1425
  -381
  5940
 -4710
 -4104
  1258
 -6395
  4087
   223
 -5515
  1542
   220
  6311
  4083
 -6272
  5354
  3148
  5630
 -2708
   918
   940
   738
 -5510
  2402
   255
  5909
 -6256
   320
  6281
 -4357
  4822
 -6318
   525
  6351
 -3371
 -6631
 -5275
 -3315
  4801
  5583
   217
 -2385
  5513
   215
  5859
  1785
 -3658
  -524
  5383
 -5877
 -6263
   581
  5189
 -3451
 -6151
  5697
   309
 -6223
  1161
   297
 -5815
 -6327
 -6245
   -69
   811
  5771
  6370
  4562
  5601
 -4305
 -4897
 -1105
   216
  3062
  4695
   229
 -5441
  4301
  1590
 -6400
 -1443
  6301
 -6353
  1553
  -454
 -5582
   452
  3104
   249
  6111
  5092
   360
  6294
 -4038
 -2310
 -5872
   399
 -5717
  5979
 -6357
 -3636
 -2182
  6349
  -631
   219
  3235
  3224
   222
  -638
  6348
 -2174
 -3628
 -6357
  5955
 -5710
   392
 -5870
 -2320
 -4036
  6296
   335
  5081
  6104
   238
  3106
   440
 -5581
  -465
  1551
 -6361
  6288
 -1440
 -6374
  1574
  4316
 -5424
   224
  4716
  3070
   214
 -1095
 -4893
 -4288
  5616
  4557
  6355
  5759
   803
   -98
 -6256
 -6319
 -5819
   297
  1169
 -6210
   308
  5704
 -6138
 -3439
  5199
   585
 -6257
 -5861
  5375
  -534
 -3672
  1786
  5846
   191
  5517
 -2394
   232
  5611
  4811
 -3315
 -5271
 -6602
 -3352
  6364
   528
 -6309
  4833
 -4326
  6268
   320
 -6278
  5903
   269
  2381
 -5513
   746
   914
   915
 -2711
  5635
  3155
  5349
 -6283
  4083
  6315
   227
  1543
 -5510
   226
  4093
 -6393
  1262
 -4112
 -4716
  5934
  -386
  1420
 -5690
 -5876
  6322
   822
   250
 -3998
   -90
   348
  5966
  4644
 -1874
 -3842
   469
  4579
 -5854
  4804
  5879
  3315
  3309
 -1041
   206
   494
 -3787
   193
    28
 -4270
 -5332
  1536
 -4999
  1015
  1313
   463
  5239
  4209
  5525
  5515
   341
 -4141
 -4348
   250
 -5505
  3243
   -87
  5855
  1265
  6343
  5114
 -7266
   739
  -563
  5550
  -928
   224
  5410
 -4352
   218
 -3871
 -4395
 -3721
  3987
 -4712
  4958
 -3038
  1048
 -3448
  6242
 -2338
  5282
   256
  4252
 -5839
   311
  5730
   226
 -5067
  1875
   525
 -5201
  5640
  4962
 -5826
  6328
 -5006
  2608
   205
 -6383
  2577
   223
   167
 -5887
  5770
  3326
 -2162
   -54
  6215
   665
 -2599
   195
 -6368
  1988
   270
 -5638
 -3416
   286
 -4256
 -6374
  4309
   465
   733
 -6371
  5080
 -5310
  5122
  3212
  6099
 -6249
   225
 -6355
 -2248
   246
  5641
  1805
   342
  -810
   609
  3871
 -2187
  1441
  6175
 -2337
 -6371
 -5121
   271
 -2111
  5503
   377
  4839
 -4127
  6106
  -150
   381
 -2377
 -4024
  5902
 -3192
  2462
  4409
  1335
   214
  4406
  4475
   213
 -6038
  5222
  2115
 -6603
  1880
  6248
  6389
   393
 -1520
  4410
 -1468
 -4030
   372
 -4842
  3821
   259
  1254
 -5806
 -6172
 -3426
  1312
   542
 -2638
   894
  6078
  6382
 -1301
 -6139
   219
  3457
 -5317
   213
  3498
  5066
  4093
  3863
 -6668
 -4164
  4839
   711
  3772
 -1594
 -6358
  2652
   283
  4807
 -3536
   266
  -568
 -6358
 -5134
  5538
   661
 -3621
 -1534
 -5074
 -5022
   310
 -5302
 -6108
   250
  -256
 -6202
   246
 -6110
  1698
 -4087
 -4755
  5969
 -6375
    36
   486
 -4616
 -6358
  1669
 -5721
   315
  3053
  5939
   265
 -3091
 -1093
  3387
  6257
  1100
  -140
 -4882
 -5980
 -5423
  5705
  -190
 -2222
   240
  -352
  6267
   221
 -4672
  6240
 -6253
  5941
 -7270
 -4962
 -5402
  1196
 -1513
 -6081
  1751
  3039
   241
 -5975
 -4226
   326
 -5573
  4461
    83
 -6345
   488
 -5974
 -3905
  -667
  6170
  5998
  2997
  6313
   226
 -4772
  1309
   221
 -6301
 -4313
  1918
  4106
  5966
  3590
 -6083
   407
  5283
 -5111
  2830
 -6170
   342
  6262
 -6229
   253
 -4314
  5766
   938
    28
  1486
  2824
 -6161
 -3817
 -3959
  6217
 -5371
 -6413
   254
 -1406
  4835
   235
 -2335
  6357
   340
  2894
  4701
 -5875
  -980
   886
  3944
  6030
 -5875
    31
   259
  3945
 -1129
   319
 -6434
 -5008
   141
  4493
   547
 -4537
  5141
 -4555
 -5071
 -3075
 -1506
  1800
   211
  -313
  3955
   199
   996
 -4418
 -2972
  6010
  2874
  6380
  5055
   577
 -2367
 -6313
 -5857
 -6153
   304
  1202
 -5860
   290
  4411
 -6261
 -1887
  4481
   841
 -6279
 -6274
  5582
 -2909
 -3363
  -168
  6120
   243
  5609
  6311
   231
  1098
  1100
 -6171
   705
 -2161
 -6353
  5917
  1515
 -5556
  1984
  2733
 -5845
   233
  4627
 -5007
   359
 -6408
 -1816
 -5256
  6284
   436
  5056
 -3561
 -2545
 -6533
  5851
  1399
  6299
   234
  2728
  3637
   245
 -6372
  1466
 -2764
  2860
 -5537
 -6135
  -167
   415
  4672
  1304
 -5689
 -6305
   374
  2348
  1490
   240
   908
 -1966
 -4151
  5763
  1567
  6053
 -6032
  -762
  2739
  6203
  6117
  6119
   243
  -403
  -424
   228
 -5294
 -6282
  5771
  2689
  2604
 -6340
 -2892
   776
 -4564
 -4112
 -6369
  6307
   285
  6401
 -1669
   297
 -5169
 -6239
  2040
 -6442
   612
  3474
  4816
  5846
 -6483
  6317
  6175
 -3957
   200
  6310
 -4082
   204
 -4021
  5867
  6357
  2207
 -6045
  1081
 -3478
   530
  5959
  6297
 -3466
 -6286
   326
  1430
  -689
   277
 -4624
 -4996
 -5427
 -5527
   932
  5398
 -5437
  1135
 -3713
  2447
  -637
 -3731
   261
 -2453
 -6118
   230
  1224
 -4968
 -6302
  5622
 -5545
 -5759
 -2192
  1360
  5443
 -3963
  6243
  2759
   278
  2712
 -6211
   345
 -5891
  5849
  2240
  1526
   463
  1647
  6298
   296
   600
 -6302
  6140
  6276
   239
  -539
 -2669
   211
 -6386
 -5908
   445
 -5275
 -6679
  2189
  4611
   431
 -3402
  6328
  6204
 -5632
   367
  5405
  2582
   276
  6331
  4547
  6029
 -5331
  1305
 -5963
 -5274
 -6934
 -6465
  6389
  2427
  5629
   206
  1638
 -6327
   239
  6306
 -6370
 -4488
  4280
 -2992
 -5056
  5432
  1012
 -2249
  1289
 -3401
 -6345
   261
 -3111
 -2048
   336
 -5952
 -1156
  -906
  1162
   519
  6037
 -3901
  1339
  1002
 -2940
 -5667
  5387
   235
 -6167
  4819
   213
  6019
 -1271
 -4800
  5614
  1262
  1712
 -5390
   614
 -1680
  5228
 -6398
 -3348
   310
  2504
 -5852
   270
  5389
 -6399
  6290
 -4742
   742
  4878
 -5708
 -2870
 -3402
 -6236
  2371
  1019
   243
 -5769
 -6087
   213
 -1993
  4523
 -6336
 -5822
   226
 -4820
  3817
  1467
 -1822
  5494
 -5769
  6341
   246
 -6190
  1357
   377
 -5611
 -5907
  6163
  1663
   414
 -4568
    26
  4696
  3016
 -5790
 -3748
  6298
   222
  4240
  4272
   232
  6304
 -3752
 -5816
  3046
  4685
    37
 -4567
   405
  1667
  6159
 -5875
 -5591
   377
  1345
 -6194
   232
  6340
 -5778
  5506
 -1826
  1482
  3838
 -4835
   257
 -5830
 -6312
  4517
 -1981
   234
 -6082
 -5790
   222
  1021
  2375
 -6250
 -3396
 -2868
 -5706
  4886
   726
 -4740
  6292
 -6378
  5374
   271
 -5847
  2508
   300
 -3337
 -6363
  5239
 -1677
   645
 -5395
  1738
  1254
  5610
 -4802
 -1276
  6008
   223
  4797
 -6153
   223
  5391
 -5685
 -2932
   994
  1341
 -3915
  6041
   497
  1155
  -893
 -1143
 -5959
   335
 -2049
 -3091
   249
 -6315
 -3435
  1302
 -2270
  1027
  5413
 -5055
 -3007
  4264
 -4490
 -6356
  6306
   232
 -6358
  1618
   208
  5618
  2432
  6368
 -6472
 -6922
 -5250
 -5970
  1292
 -5312
  6026
  4553
  6333
   273
  2613
  5407
   389
 -5648
  6208
  6319
 -3381
   420
  4622
  2176
 -6704
 -5261
   425
 -5892
 -6376
   238
 -2686
  -508
   232
  6273
  6135
 -6304
   600
   287
  6293
  1648
   470
  1506
  2212
  5807
 -5919
   346
 -6230
  2709
   269
  2750
  6248
 -3947
  5443
  1369
 -2209
 -5751
 -5535
  5624
 -6314
 -4999
  1239
   268
 -6108
 -2447
   241
 -3725
  -601
  2436
 -3728
  1158
 -5430
  5399
   951
 -5522
 -5456
 -5004
 -4646
   256
  -682
  1438
   314
 -6262
 -3446
  6344
  5966
   525
 -3503
  1091
 -6047
  2205
  6371
  5830
 -3994
   197
 -4101
  6325
   207
 -3957
  6169
  6300
 -6470
  5850
  4832
  3470
   618
 -6452
  2036
 -6242
 -5186
   298
 -1686
  6384
   290
  6301
 -6379
 -4127
 -4573
   793
 -2897
 -6349
  2595
  2708
  5742
 -6287
 -5295
   223
  -425
  -405
   239
  6118
  6132
  6204
  2732
  -760
 -6052
  6038
  1562
  5764
 -4144
 -1952
   920
   255
  1477
  2342
   368
 -6298
 -5684
  1312
  4676
   433
  -149
 -6156
 -5538
  2865
 -2747
  1473
 -6383
   219
  3651
  2718
   234
  6303
  1401
  5877
 -6533
 -2555
 -3565
  5064
   420
  6294
 -5242
 -1812
 -6418
   356
 -4990
  4585
   239
 -5864
  2740
  1967
 -5531
  1538
  5910
 -6349
 -2141
   691
 -6149
  1110
  1078
   203
  6309
  5615
   231
  6126
  -160
 -3361
 -2917
  5592
 -6286
 -6262
   832
  4482
 -1868
 -6248
  4412
   286
 -5834
  1195
   293
 -6149
 -5879
 -6308
 -2354
   560
  5066
  6360
  2878
  6002
 -2984
 -4421
   973
   207
  3969
  -312
   230
  1781
 -1495
 -3087
 -5063
 -4556
  5118
 -4521
   537
  4494
   138
 -5003
 -6451
   304
 -1138
  3954
   252
    15
 -5873
  6005
  3955
   905
  -965
 -5882
  4682
  2931
   329
  6344
 -2310
   240
  4858
 -1398
   232
 -6379
 -5363
  6199
 -3971
 -3837
 -6163
  2815
  1501
    46
   950
  5774
 -4314
   257
 -6237
  6254
   328
 -6179
  2865
 -5129
  5295
   424
 -6074
  3578
  5938
  4108
  1908
 -4293
 -6317
   223
  1311
 -4760
   212
  6332
  2976
  5996
  6154
  -694
 -3920
 -5947
   471
 -6343
    83
  4465
 -5579
   347
 -4225
 -5960
   240
  3035
  1773
 -6028
 -1504
  1194
 -5382
 -4958
 -7280
  5971
 -6265
  6262
 -4656
   197
  6257
  -359
   223
 -2255
  -185
  5696
 -5410
 -6012
 -4882
  -135
  1111
  6274
  3390
 -1106
 -3090
   235
  5929
  3021
   319
 -5728
  1680
 -6391
 -4617
   504
    60
 -6384
  5952
 -4742
 -4114
  1699
 -6129
   237
 -6183
  -232
   230
 -6120
 -5286
   317
 -5025
 -5055
 -1565
 -3599
   667
  5532
 -5132
 -6335
  -557
   264
 -3544
  4836
   276
  2667
 -6355
 -1607
  3757
   729
  4849
 -4156
 -6662
  3873
  4089
  5057
  3529
   191
 -5329
  3451
   229
 -6156
 -1288
  6383
  6093
   897
 -2649
   506
  1320
 -3424
 -6178
 -5793
  1265
   270
  3826
 -4821
   379
 -3996
 -1474
  4420
 -1516
   388
  6372
  6214
  1836
 -6599
  2113
  5218
 -6036
   206
  4464
  4477
   229
  5881
 -1631
  4847
 -6051
 -1182
  -970
  3614
   418
  5938
 -3106
  -111
 -5431
   389
 -6175
  5779
   231
 -6287
  5041
  3565
 -6483
  1223
  6363
 -6051
  1047
  2100
 -4848
  2707
  3899
   276
  5534
 -4366
   222
 -6360
 -2768
  1661
  -583
 -6861
  5207
  5581
   705
 -3511
  4337
  6345
 -6131
   288
  6378
   840
   284
  6328
  6344
  6288
  -934
   681
 -6199
 -5930
 -6038
 -6526
  5146
  3026
  2002
   215
 -1703
 -5933
   235
  5427
 -4837
  6197
 -1291
  5280
  1282
  5654
   470
  3197
  5635
 -2446
  3000
   320
  6178
  3519
   277
  6129
   387
   323
  2283
  1135
  6147
  4060
 -6514
 -6275
 -5883
 -2068
 -4202
   243
  1863
  5411
   215
 -1675
 -5491
  3192
  2396
 -7114
 -4038
 -4598
  1172
 -6268
  6066
 -1050
 -6224
   271
 -3689
   818
   304
 -3190
 -3844
  2184
  -496
   504
  -760
 -3985
  1725
  5347
 -4679
 -5700
 -3890
   243
 -5237
  1708
   192
  3677
  6255
  4748
   924
  4859
 -6075
 -4754
   450
 -2544
  6032
 -1775
  1387
   360
  2956
 -4632
   230
 -3226
 -5268
 -4612
  5500
  1475
 -5075
  1263
 -3375
  1521
 -3249
  4109
  2777
   221
  1205
  5830
   232
  6249
 -6011
 -5206
 -2086
  5277
 -2117
  5681
   885
 -2922
 -6232
  6023
  6207
   300
    66
  3652
   282
   400
  5290
  2481
  5517
   550
 -5996
  2777
 -2875
 -1477
 -3253
  4442
  3580
   251
   779
  2997
   205
  4286
  6128
 -3286
  5656
  1083
  -661
  5619
   557
 -6429
  6101
  5705
 -1371
   316
  5222
 -6144
   248
 -5324
  6192
 -1564
 -2322
   860
 -3066
  1448
  5746
 -6142
 -2216
 -2497
 -1813
   208
  6274
  5455
   225
 -6185
   709
  5486
  5412
 -2548
  -418
  3352
  1530
   -81
 -5329
 -3718
  -630
   272
  1700
 -6170
   390
  -826
   594
  6050
   328
   415
  5923
  6084
   202
 -5323
   -39
  2695
 -5107
   211
  2397
  3820
   204
  4466
  2734
 -4304
  5250
 -3385
  3551
  5265
   449
  4851
 -3017
  6108
 -1724
   370
 -3326
 -1752
   258
  5624
  3086
    76
   858
  1572
  2870
 -2576
  -496
  6212
 -3520
 -6366
 -4058
   232
 -3044
 -2069
   229
  -124
  5204
 -5611
 -2077
  1367
  1209
 -6300
   794
  2407
  1107
  6344
  -476
   289
  5051
  2989
   299
  4169
  6291
 -4534
 -2180
   609
  6253
 -4857
  5287
 -5478
 -4196
 -6186
  6378
   223
  6341
 -4808
   198
  6345
 -3671
 -3234
  5310
 -4801
 -6379
 -6303
   571
  3536
 -5528
  2959
  1611
   320
  5458
 -4321
   285
 -3338
  4634
  6353
   685
   994
 -1748
  3509
    75
 -6403
 -6097
  2948
  6292
   216
 -4148
 -5031
   223
  5014
  3502
  5025
  5647
 -5982
 -3038
  5386
  1342
  5341
   127
 -5995
  4689
   271
  5383
 -2907
   343
 -2739
 -6145
 -4065
  6305
   457
 -4473
 -2634
 -2296
 -2991
  1821
 -4022
 -5090
   196
 -1056
 -2136
   240
  4049
  3355
 -5912
 -6558
 -6041
  5243
 -1548
   432
 -6036
 -6232
 -6375
  2889
   308
  6082
  5346
   260
 -1714
 -5152
 -6078
 -5772
  1305
 -3467
  3462
 -6658
 -3910
 -4282
  -451
    39
   233
  -809
 -6275
   219
 -3743
  6071
  -618
  -570
 -1970
 -3786
 -1737
  1015
  4400
  2378
  3868
   612
   248
 -5792
  2959
   263
 -2191
  1797
 -1593
 -5777
   488
  4518
  5781
  -919
  4493
  6369
  3155
  -929
   211
 -5841
  5571
   193
 -1917
 -1879
  6097
  2443
  2905
  5811
 -5179
   635
  5237
 -6285
  6369
 -5129
   313
  5823
 -2838
   276
  2408
  6374
 -4820
  2212
   779
  5505
 -2304
 -1430
 -6267
  4585
   416
 -5822
   212
 -4902
 -6284
   264
  6348
 -5552
  5163
 -1125
    32
  3626
 -4495
  1541
 -6182
 -6280
  5065
 -2539
   256
 -6126
 -4239
   357
  2567
  6239
 -5561
 -5943
   405
  1183
 -6013
  2307
  5378
  -260
  6141
 -4195
   207
  4115
  4328
   216
 -5197
  -439
  4567
   -73
  5978
  6028
 -6200
   410
  6274
 -6400
  5150
 -3648
   403
  5819
 -4685
   233
 -1870
  6194
 -2089
  4141
  1434
  5602
 -4581
   437
 -5724
  4080
 -3310
 -4892
   270
 -4648
 -6319
   255
  4624
 -4720
  2690
  1222
 -4133
  3341
 -2236
   724
 -5768
 -6056
  6351
 -4153
   276
 -6082
 -2151
   283
  5749
  6363
 -3101
 -6405
   660
  1058
 -6300
  -478
  6004
  -826
  4033
 -5249
   232
  3792
 -6345
   211
 -6087
  6337
 -3530
 -2972
  3348
 -4082
   939
   525
  6314
  3238
   442
  2474
   338
 -5774
   710
   260
  2168
  2886
 -4577
 -6405
  1045
  4617
  3964
 -3888
  6287
  6353
  5775
 -2561
   216
 -5666
  3787
   241
 -5202
 -4254
 -4323
 -4393
 -7127
 -3753
   791
  1251
   650
 -3664
 -3934
 -1758
   259
 -1003
   930
   312
 -3172
 -5986
 -5617
  4495
   463
  6103
 -6342
 -6288
 -2238
  5532
  6184
  4600
   222
 -3214
   -62
   200
 -3760
 -5922
  3535
  3893
  2791
  -747
  6149
   431
 -5809
  -175
 -5354
  2336
   380
 -5006
  -749
   271
 -6324
 -6374
  6177
  -149
  1385
 -6293
  2527
 -5161
  1249
  3629
  5974
 -6210
   244
 -6340
  -433
   263
 -2620
 -1890
  3072
  1276
  2159
 -3171
  4767
   981
 -5393
  2773
  5235
  5223
   297
  3269
 -3465
   313
 -1078
  3914
 -6094
  -450
   522
  3250
  5952
 -6680
 -1905
 -3055
 -6260
 -1252
   220
 -3292
  6015
   247
 -1628
 -4594
 -2525
 -4501
  5920
  3362
 -3514
   578
 -1852
   752
  6213
 -3289
   309
 -5445
  4884
   274
 -1697
  6339
  6015
 -5969
   817
  4417
  -219
  3659
  5876
 -1228
  6141
  5817
   252
  1374
  2415
   213
  -909
 -5431
 -5438
 -2994
 -1083
  1499
  -920
  1552
  5141
  6263
   742
 -6280
   264
  4358
  6144
   354
   729
  4953
   500
 -3616
   398
 -5470
   335
 -6563
  -412
  6372
 -5030
  4816
   211
  3447
  3012
   240
 -3954
 -4998
 -4600
 -5938
 -4923
 -3999
  -606
   408
  1650
  3948
  2990
   -30
   361
     7
  6161
   261
  4224
 -1662
  2314
 -5738
  1560
 -1264
  -468
 -1768
 -4711
  3199
 -2860
  5236
   253
  6063
  4485
   221
 -4750
  2712
  6362
  2002
  5171
  -659
  -804
   834
  5779
  4703
  6293
  3635
   278
 -3014
 -3501
   271
  2212
  6030
  5390
  4944
   589
 -1463
 -1506
  4334
  3614
  6394
  1473
 -5573
   229
  4819
 -1396
   216
 -5871
 -1973
  6402
 -6488
 -5889
 -4673
  2154
   546
 -3014
 -2742
  4699
   323
   273
 -5239
  6152
   290
 -6310
  5712
 -3981
  6081
   884
 -6308
  2736
  4024
  6037
  4731
 -5686
 -3974
   233
  3347
 -3782
   260
  2585
  6129
 -5391
 -6445
 -4305
 -1955
  6147
  1469
 -5531
  3179
 -6125
  5739
   234
 -6032
  4884
   328
 -1982
 -3778
  3690
  4332
   430
 -1520
  4064
  5938
  5944
 -6334
   569
  5183
   222
   878
 -4285
   221
 -4714
   746
  -771
  4715
 -3019
  5875
 -4860
   510
 -2375
 -2303
 -5054
  3082
   319
 -6375
 -6241
   253
  4583
 -2487
  3812
  4734
  1201
  2097
  3922
 -7328
  5241
  5093
 -6319
  6031
   236
  6276
 -2496
   222
  6268
  2426
 -1541
  -971
 -5426
 -4018
 -6188
  1144
  3251
 -5819
  1729
 -4729
   217
  6219
 -2098
   342
 -2859
  -977
  6091
 -5465
   511
 -5641
  1628
  5830
 -6451
 -2455
  1964
  2630
   211
 -6333
  1219
   235
  5056
  6322
 -5445
 -1101
 -3737
  6331
  3566
   694
  4613
  2731
  6361
 -6295
   277
 -6139
   873
   305
  5291
  6355
 -1546
  6026
   715
 -2123
 -4369
 -6135
  6149
 -6345
 -6284
  2348
   209
 -6045
   646
   250
   593
  -273
 -4582
  4656
   776
  5454
 -6216
  1364
  2574
  5678
  6202
  5356
   229
   989
   608
   388
  4511
  2849
 -5440
 -6374
   424
  3602
 -3307
  4455
 -5582
 -6390
 -6378
  3096
   240
  4450
  4434
   224
  3110
 -6368
 -6340
 -5592
  4409
 -3293
  3608
   396
 -6390
 -5430
  2825
  4489
   395
   547
   983
   259
  5376
  6214
  5687
  2537
  1356
 -6204
  5459
   749
  4645
 -4561
  -287
   563
   227
   693
 -6040
   238
  2322
 -6276
 -6350
  6134
 -6118
 -4350
 -2137
   713
  6053
 -1569
  6376
  5328
   305
   891
 -6195
   297
 -6288
  6346
  2741
  4621
   668
  3538
  6305
 -3767
 -1075
 -5475
  6326
  5056
   250
  1244
 -6344
   222
  2630
  1968
 -2440
 -6434
  5846
  1656
 -5612
   492
 -5448
  6140
  -965
 -2855
   341
 -2125
  6202
   262
 -4714
  1778
 -5853
  3271
  1125
 -6199
 -4029
 -5437
  -979
 -1543
  2428
  6254
   251
 -2513
  6262
   232
  6007
 -6305
  5090
  5240
 -7351
  3913
  2070
  1208
  4749
  3793
 -2508
  4582
   237
 -6179
 -6353
   291
  3095
 -5089
 -2324
 -2400
   457
 -4885
  5877
 -3055
  4737
  -759
   719
 -4731
   218
 -4310
   900
   248
  5137
   571
 -6342
  5952
  5945
  4053
 -1498
   452
  4303
  3687
 -3771
 -1995
   326
  4880
 -6019
   229
  5714
 -6160
  3152
 -5512
  1461
  6175
 -1975
 -4319
 -6446
 -5372
  6115
  2577
   247
 -3787
  3371
   217
 -3951
 -5693
  4784
  6034
  4019
  2739
 -6308
   892
  6043
 -3999
  5700
 -6290
   317
  6157
 -5243
   283
   337
  4691
 -2752
 -3032
   538
  2138
 -4702
 -5886
 -6517
  6369
 -1997
 -5865
   218
 -1348
  4803
   241
 -5594
  1462
  6388
  3634
  4370
 -1504
 -1458
   572
  4929
  5357
  6012
  2222
   262
 -3488
 -3034
   284
  3674
  6288
  4713
  5805
   833
  -787
  -656
  5202
  1982
  6348
  2755
 -4683
   243
  4521
  6070
   224
  5262
 -2828
  3207
 -4661
 -1753
  -465
 -1243
  1553
 -5720
  2274
 -1595
  4213
   259
  6163
     0
   362
    24
  2990
  3934
  1626
   438
  -622
 -3976
 -4914
 -5943
 -4607
 -5011
 -3935
   209
  3025
  3460
   236
  4784
 -5024
  6342
  -412
 -6527
   341
 -5449
   403
 -3576
   514
  4960
   720
   369
  6171
  4398
   238
 -6303
   743
  6316
  5164
  1560
  -900
  1483
 -1121
 -2997
 -5449
 -5469
  -911
   216
  2408
  1412
   224
  5845
  6147
 -1228
  5916
  3681
  -213
  4407
   849
 -5959
  6035
  6309
 -1689
   258
  4854
 -5461
   305
 -3288
  6200
   787
 -1851
   569
 -3525
  3386
  5876
 -4478
 -2508
 -4612
 -1588
   226
  5978
 -3286
   232
 -1293
 -6273
 -3070
 -1890
 -6655
  5979
  3282
   532
  -468
 -6078
  3943
 -1119
   310
 -3490
  3227
   297
  5239
  5237
  2774
 -5422
   979
  4749
 -3166
  2198
  1278
  3066
 -1886
 -2608
   241
  -475
 -6322
   228
 -6201
  5975
  3619
  1245
 -5163
  2499
 -6298
  1412
  -140
  6194
 -6361
 -6313
   264
  -766
 -5030
   352
  2314
 -5352
  -196
 -5816
   432
  6168
  -802
  2820
  3909
  3553
 -5938
 -3722
   201
   -29
 -3204
   202
  4596
  6178
  5521
 -2251
 -6292
 -6350
  6104
   452
  4500
 -5660
 -5962
 -3170
   335
   953
 -1059
   257
 -1762
 -3916
 -3641
   665
  1284
   804
 -3738
 -7086
 -4383
 -4349
 -4272
 -5210
   257
  3781
 -5684
   240
 -2555
  5739
  6361
  6263
 -3890
  3966
  4635
  1043
 -6409
 -4533
  2858
  2174
   254
   722
 -5806
   306
  2478
   466
  3224
  6332
   508
   908
 -4095
  3375
 -3006
 -3558
  6353
 -6125
   189
 -6333
  3792
   182
 -5240
  4062
  -841
  5975
  -440
 -6338
  1064
   644
 -6411
 -3105
  6358
  5726
   297
 -2173
 -6058
   272
 -4114
  6364
 -6065
 -5807
   713
 -2201
  3325
 -4105
  1224
  2704
 -4745
  4617
   217
 -6277
 -4644
   270
 -4877
 -3313
  4076
 -5702
   432
 -4570
  5618
  1452
  4119
 -2089
  6199
 -1857
   226
 -4716
  5820
   406
 -3677
  5119
 -6384
  6256
   433
 -6229
  6025
  5983
   -57
  4597
  -430
 -5182
   232
  4336
  4138
   196
 -4171
  6141
  -269
  5363
  2288
 -6014
  1176
   416
 -5921
 -5539
  6268
  2596
   357
 -4289
 -6157
   235
 -2571
  5029
 -6244
 -6182
  1545
 -4479
  3608
    32
 -1117
  5101
 -5550
  6318
   255
 -6255
 -4847
   223
 -5852
   404
  4604
 -6270
 -1445
 -2281
  5520
   760
  2246
 -4822
  6410
  2424
   265
 -2843
  5825
   307
 -5117
  6345
 -6290
  5198
   617
 -5197
  5844
  2916
  2468
  6100
 -1881
 -1923
   224
  5556
 -5874
   204
  -938
  3148
  6385
  4495
  -893
  5769
  4509
   547
 -5807
 -1649
  1798
 -2164
   281
  2989
 -5785
   277
   602
  3846
  2387
  4371
  1037
 -1727
 -3785
 -1989
  -567
  -599
  6075
 -3711
   242
 -6274
  -832
   242
    40
  -378
 -4320
 -3892
 -6675
  3455
 -3518
  1286
 -5740
 -6088
 -5172
 -1722
   246
  5372
  6072
   356
  2906
 -6362
 -6250
 -6040
   444
 -1542
  5235
 -6081
 -6551
 -5903
  3372
  4070
   235
 -2121
 -1071
   203
 -5097
 -4027
  1830
 -2996
 -2246
 -2644
 -4495
   465
  6327
 -4089
 -6152
 -2738
   373
 -2923
  5390
   250
  4703
 -6027
   136
  5346
  1331
  5383
 -3050
 -5944
  5668
  5026
  3480
  5024
   225
 -5021
 -4186
   192
  6323
  2967
 -6110
 -6392
    53
  3497
 -1772
   970
   646
  6336
  4627
 -3343
   266
 -4330
  5476
   300
  1585
  2983
 -5529
  3539
   584
 -6314
 -6376
 -4774
  5313
 -3211
 -3680
  6358
   170
 -4808
  6349
   209
  6379
 -6201
 -4216
 -5486
  5276
 -4870
  6243
   635
 -2166
 -4504
  6275
  4137
   300
  2984
  5020
   294
  -525
  6387
  1093
  2419
   795
 -6267
  1228
  1376
 -2074
 -5618
  5203
  -113
   219
 -2061
 -3059
   249
 -4053
 -6373
 -3510
  6180
  -498
 -2568
  2854
  1542
   833
    63
  3092
  5652
   232
 -1788
 -3320
   344
 -1703
  6119
 -3029
  4865
   470
  5278
  3548
 -3382
  5234
 -4232
  2741
  4471
   214
  3854
  2436
   222
 -5129
  2711
   -39
 -5375
   169
  6133
  5946
   400
   315
  6059
   585
  -839
   376
 -6194
  1680
   240
  -665
 -3683
 -5296
   -28
  1547
  3309
  -416
 -2548
  5376
  5480
   708
 -6192
   239
  5465
  6234
   270
 -1815
 -2497
 -2234
 -6152
  5738
  1440
 -3096
   814
 -2334
 -1584
  6177
 -5327
   270
 -6160
  5254
   340
 -1343
  5717
  6073
 -6437
   571
  5585
  -662
  1054
  5679
 -3287
  6149
  4303
   204
  3008
   778
   242
  3525
  4471
 -3262
 -1470
 -2842
  2790
 -5958
   568
  5489
  2465
  5317
   393
   298
  3676
    52
   278
  6181
  6017
 -6232
 -2922
   882
  5728
 -2115
  5275
 -2064
 -5196
 -6027
  6253
   254
  5828
  1213
   255
  2762
  4118
 -3278
  1504
 -3426
  1252
 -5086
  1488
  5498
 -4648
 -5243
 -3261
   270
 -4650
  2939
   347
  1389
 -1767
  6031
 -2521
   430
 -4712
 -6099
  4873
   966
  4720
  6282
  3696
   220
  1734
 -5230
   246
 -3876
 -5708
 -4711
  5365
  1728
 -3974
  -763
   465
  -513
  2147
 -3889
 -3145
   278
   796
 -3667
   275
 -6206
 -1082
  6075
 -6245
  1157
 -4579
 -4102
 -7140
  2435
  3175
 -5486
 -1708
   230
  5380
  1859
   249
 -4155
 -2101
 -5889
 -6257
 -6506
  4048
  6155
  1129
  2246
   290
   346
  6182
   270
  3462
  6191
   293
  2963
 -2459
  5628
  3200
   486
  5658
  1296
  5290
 -1276
  6238
 -4829
  5441
   272
 -5928
 -1679
   225
  2017
  3045
  5156
 -6556
 -6022
 -5946
 -6177
   671
  -948
  6334
  6340
  6352
   273
   835
  6381
   311
 -6096
  6320
  4383
 -3507
   686
  5578
  5237
 -6835
  -553
  1651
 -2763
 -6369
   271
 -4359
  5491
   261
  3872
  2720
 -4864
  2086
  1029
 -6035
  6349
  1205
 -6501
  3587
  5063
 -6273
   249
  5777
 -6204
   412
 -5477
   -91
 -3084
  5940
   380
  3596
  -950
 -1162
 -6028
  4832
 -1613
  5899
   211
  4459
