 -2660
  4690
 -2815
  -527
  -755
 -1523
  1198
  3516
 -2116
  2096
  1165
 -2905
  6819
   841
   963
 -1303
  5111
 -2137
 -1377
   575
   430
   -60
 -1799
   337
 -2138
   210
   -25
  3121
  5145
 -4385
  5087
 -1807
 -1466
 -2792
  1799
  2959
  3228
 -2378
  -522
 -3028
 -2545
   693
 -2260
 -5876
  4676
  1236
 -1699
  5095
  -155
  3619
 -2072
  2192
  -286
   190
  3390
  1618
  3287
  1203
 -1003
  2785
  -657
  6341
  1849
 -2653
  2906
 -2858
  -848
 -5360
 -5578
 -5370
 -3187
   927
 -3367
  1625
   621
 -2743
  -642
   186
  -293
  1277
   -32
  1352
 -5519
   763
  -619
  -403
  -469
  6615
 -1258
  2396
  -518
   816
  1454
  3126
  2773
 -2589
 -1711
  -737
  -682
   734
 -1010
  3490
  2364
   592
 -3629
   283
   394
  2016
  1312
 -3334
 -7795
  5089
 -3430
 -1584
  4464
 -2102
  6272
  1294
 -2562
  -568
  2317
 -5145
  1787
 -4143
 -5326
 -1218
 -2142
 -1386
   -43
   627
  1119
  2637
   545
  1177
 -4558
  4424
  -220
  3694
  1500
  6874
  -119
  1885
 -1455
  3513
 -2568
 -3520
  1829
   -77
 -1509
  -667
   234
  1086
  -181
  -655
 -1714
  -478
  2727
   293
   714
  -954
 -2622
 -5406
  -261
 -2195
 -1803
  1349
 -4299
  2733
   379
 -1987
  -193
  2373
 -4953
 -1197
  2423
 -1205
 -2093
  3093
  -120
   324
  1331
 -1623
  4668
  6860
 -6134
 -4320
  1405
 -3903
   239
 -3259
 -2608
 -1860
 -4255
  5075
  3614
  1510
   571
  2567
  -644
 -1622
  -469
 -1815
 -3969
   253
  -877
 -3019
  2619
   301
  1747
  3097
 -1527
  -265
 -3964
   582
  -760
  -726
  1169
   957
  -923
  -947
 -4703
  2611
  2086
 -1506
  -481
  2939
  -146
  -572
   395
 -1015
 -1393
 -1847
   894
   -92
    51
 -2233
 -4363
 -1129
 -3681
  1201
 -3074
 -3856
   927
  -501
 -5474
  -700
 -6355
  -527
 -5094
  1172
  -443
 -3399
  -259
  2265
   995
 -1293
   319
 -3445
 -3224
  -698
  -701
  2873
   187
 -1431
 -1979
   571
  2866
  -170
  -148
 -1542
  -211
  2653
 -4634
 -1638
  2529
  4423
 -5119
 -2961
  2089
  -329
  2774
   354
 -2746
   382
  -361
 -2799
 -3555
   151
  1316
 -1166
  7598
  3088
  1913
  2535
 -1516
   224
 -1654
 -6206
 -5651
 -3777
  2887
   677
 -1761
   757
 -2419
 -1963
 -2552
 -6694
 -2579
  4467
  2324
  1520
 -2775
 -1487
 -6848
 -1566
  3615
  3155
  -392
  2866
  1195
 -1761
  3663
  1299
  -242
 -3826
  5752
 -1152
 -1476
  4532
  3315
  3557
  -345
 -1367
   853
 -1837
   186
  1340
 -1081
 -4257
 -1077
  5915
 -6264
 -3442
  -627
 -3443
 -3944
  -846
 -2839
 -1509
  1339
   293
  -580
 -4180
  1407
  2989
  1224
 -1636
 -2718
 -2914
  -130
 -4748
  -611
   593
   469
  1821
  3139
 -4557
   506
 -3902
     8
 -1748
  2593
 -4539
  1622
    28
  7862
 -5060
 -2197
   143
   -17
  4473
  -561
 -2251
 -5325
  3261
  2427
  2693
 -6411
  1377
  -809
 -2157
  -869
  1441
 -2795
  7315
  3931
   -11
   706
 -2454
  1709
  -967
  2290
 -1004
   741
  5059
  -877
 -1311
  1516
  -640
  2885
 -2941
 -3822
 -1142
  1399
  2529
   193
 -7675
  4960
  3506
   194
  4958
  2414
  -174
   -18
   778
 -4409
   605
  3545
 -2871
 -4709
  3791
  -702
  5346
  -277
   -15
  1235
 -1279
 -2312
  3140
  1688
 -3884
 -2892
 -6488
 -3753
  1833
  3276
  2044
 -2085
   915
 -4716
 -2406
 -2595
 -2925
  2095
  -243
 -2637
  3613
 -2585
 -3467
 -1959
   143
  3636
  4432
  -655
 -2547
  1490
 -2492
   591
 -2563
  3692
 -3140
 -3234
  3564
 -3280
   578
  3836
   944
  4187
  -459
   848
  5244
  4371
   -51
  2281
   663
  1290
  -598
  -361
 -3869
  2992
 -3390
   856
   358
  6614
 -1024
  2766
  2444
  2318
  1228
 -1154
  3146
 -2908
  1880
   308
 -3312
   980
   208
  1455
  1161
   931
  1989
 -2465
  1517
 -2195
   699
 -2597
  1401
 -2652
  2524
  3520
  4548
 -2759
  2027
 -4122
 -2470
  1338
  1126
  4082
 -2842
   595
  4689
   420
  2914
   350
  1264
  2648
  -318
  2554
 -3636
   308
 -3286
 -2112
  2050
  -705
 -2549
   808
  2410
  2645
   -77
  1572
  1944
 -1327
  4181
 -2959
   681
  6302
   396
  4908
 -2294
  3955
  -591
  1826
 -1342
 -1273
  3559
 -1539
   -99
  2793
  2081
 -6254
  3256
   162
 -3290
 -1379
   599
 -1150
  -554
 -1904
  5280
  2273
   615
  1717
  2723
  5029
   731
  1505
  1691
 -2421
  -307
  1024
  2452
 -2144
  1772
 -1593
  1073
  7392
 -3822
 -3668
  3118
  4210
   196
 -2696
  2454
 -1919
  -367
  2642
  7864
  1811
 -1957
   279
  2279
 -4342
  -158
 -2850
  1146
  -122
 -3020
   783
  2167
  -631
 -2007
  6178
 -2548
  -857
 -3079
    -3
  1915
  1123
  -267
 -2710
  1126
  5152
  3370
 -2872
 -2646
   274
 -1926
  4541
  1195
    46
  -946
 -2703
  3623
   -85
   625
  1764
 -2620
  1771
   617
 -1126
 -1958
 -1532
    -2
   290
  3756
 -2540
 -3820
   -18
 -2338
 -6424
 -4744
  2457
 -2565
 -1631
  5169
  1188
  1538
 -1228
 -1498
   543
 -2505
 -3410
   822
 -2292
  2736
 -1123
  1079
 -1476
 -3944
  2624
 -1410
 -2258
 -1604
 -2909
  -739
  4452
  1308
  -701
  -295
  2083
  4505
  3118
  -366
   392
  5928
   330
  2930
  -639
  1351
 -4319
 -6471
  4607
  6891
 -1526
   540
  1654
  -304
 -6955
    11
   512
  -620
  -612
  1918
   228
  1462
 -1597
 -3617
 -2381
  1287
 -1339
 -1093
   801
 -1317
  1533
  2239
  5674
 -2986
  1451
  1235
 -6867
  -195
 -4157
 -4887
 -2406
 -1750
  -607
  2929
  3111
  1075
  1873
  3231
  2792
  6508
 -2794
 -2820
 -1580
  4154
  2292
 10848
 -1175
  -973
  2365
 -2247
 -2750
  1664
 -1660
  3248
   141
 -2297
   108
  -716
 -1046
  -410
 -3417
  3641
  3225
  -873
  1847
 -3397
 -1785
 -3633
 -3320
  -530
 -3103
   393
  1435
 -1475
  7203
 -3911
  3419
 -3907
   371
  2217
  4689
  4625
 -2788
  1882
 -1981
  1597
  2322
 -1762
  2531
  5769
  -799
  3071
   333
  1123
  2642
 -1606
 -7609
  4351
 -4120
  2630
   269
   401
 -1332
  -334
  2029
  2579
  1096
  -588
  9879
  5239
  1688
 -1586
  4297
 -4433
  -264
 -3144
  6567
 -2143
   101
  4235
  2056
  1808
 -1496
   760
 -1951
  2471
  3042
  -546
  3216
  1936
   625
   583
 -4477
   101
   786
  -650
  1990
 -1824
 -1871
  -335
  6772
 -2656
  1215
  1133
 -2556
  2504
 -2857
  -343
 -1695
   615
 -7608
 -5988
  -933
   855
  -201
  -609
  1502
  2862
  2458
 -3446
  -717
 -4423
  -392
 -1196
 -1086
   624
  3114
  5828
  -447
  3823
  -253
  4953
  4243
 -1281
 -2101
 -3441
   312
  -658
 -3418
  3776
  1320
  2156
 -1393
  1577
  2093
 -3843
 -1425
 -2241
 -2226
 -2454
  -729
  3041
  -994
  3336
 -1451
  2557
  -593
  1643
 -6440
 -2458
 -2523
  2499
  -640
  2120
 -3637
 -1227
   402
  -306
   549
 -1621
 -1613
  2969
 -1096
  4122
  -665
  2051
 -1770
  4430
  -649
  5813
 -4643
  1801
   883
 -1249
  5453
   343
  6403
  3265
  1565
 -1207
  4019
 -1929
  7758
 -1732
 -2826
  4124
  -173
   569
 -1041
 -4399
 -3129
  2637
  2796
  2416
  4614
   712
  5636
  1422
  3487
  5743
   594
  -920
  7658
  2270
   896
  -896
  1790
   632
 -2421
  2547
  2831
 -2657
   656
 -2890
  -140
  5154
  -901
 -4929
  -921
  1853
 -4933
   361
 -1833
  -823
  5624
  -596
 -2965
  1381
  1681
 -5205
  2079
   253
 -3156
   612
  1075
 -1033
 -3822
  -792
 -3885
   257
 -2647
 -3557
   771
  2565
 -3774
  -258
   489
  1009
 -2940
  2090
  1361
 -5929
  4129
  -433
 -1042
   194
  1352
 -1660
  1840
   -44
  3006
 -2278
  1619
 -2519
  2490
   382
  2258
  2558
   687
 -7595
  -986
 -3562
  7507
 -1043
  6006
 -1788
  -618
   -68
 -1014
 -4492
   605
  1229
   177
 -2901
  1082
 -3702
  -867
   603
 -4681
  -327
  3421
 -2103
   -62
  1256
 -3599
 -5791
 -1591
  -335
 -3636
 -1382
  -928
 -2746
  2204
   -76
   970
  -386
 -2843
  1657
 -8033
  -925
 -4393
  2683
  -412
  2286
   243
  -499
  -998
  -598
  2669
    19
   908
  2528
  2074
 -2442
  1631
 -7555
  3612
   268
    72
  -336
 -2166
 -3194
  3370
 -4018
 -2733
   375
 -3696
 -5462
 -4275
   113
  2211
   659
  2570
   234
  4505
    63
 -4598
  3630
 -2949
   681
  2493
 -3881
 -2030
  2282
 -5070
  -206
 -2803
  1095
  1729
  2649
 -4109
  1259
  3324
 -3510
  -469
 -5905
 -2600
 -1110
    81
 -3255
  -318
   292
  1259
  7635
  -424
   548
   652
   684
  4469
  2039
  -745
   169
 -4303
  6501
 -7941
 -1037
 -1117
  -681
  3300
 -2418
  -195
  3015
  -371
 -4301
 -1582
 -3888
 -1443
  -787
  2538
  -804
  -773
  2731
  3129
  -241
    79
   677
   330
 -1302
 -1132
 -1832
 -1077
  1607
  -322
  3256
 -4752
 -2770
  -413
    43
 -1376
  3576
  3025
   547
  3325
 -2809
 -4769
 -2127
  1823
 -4447
 -4711
 -3733
   296
  -236
 -2507
  2367
 -6475
   765
 -4885
  -757
  1866
 -2424
  -810
 -3168
 -1353
  -109
  3840
  5750
  3205
 -2205
 -2323
  -349
   805
  3311
  5237
  -497
 -3791
  2691
  -310
  1006
  4227
  -933
  2236
 -1430
 -3198
 -6392
  5101
   389
   175
   371
 -1048
 -3326
   602
   882
  1142
  1246
  4171
 -1409
   154
  -764
  1391
  3283
 -2226
  1288
 -4848
  1012
 -3109
  4617
  -872
  4178
 -1050
  -472
 -2276
  1868
 -1845
   485
  2941
   741
  -682
  -440
 -1749
 -2363
  3160
  3272
 -2173
  1575
 -2036
 -1874
 -6836
  2238
  3418
  -936
 -1405
 -4829
  1155
  4999
  4946
 -2798
  2230
 -1690
   780
  2552
   317
   943
  1464
   196
  -936
  2812
  3090
 -5028
  1958
 -3324
   136
 -2590
   694
   216
  -844
   760
  4920
  2472
 -4447
   167
 -7603
  1711
   746
 -4364
   688
 -3626
 -3586
 -4846
 -4225
  3077
  2984
  -300
 -2733
  2061
 -1065
  4203
  -281
  5955
 -3176
  1656
  1366
  -886
  1157
   631
   473
  1667
  2759
 -1557
 -1516
   694
  1654
  2034
   192
  -396
   565
   869
  3056
 -2978
   539
  -963
  1261
  -165
  -801
   297
 -3196
 -1972
  7291
 -5927
 -1214
 -2806
 -3630
  4172
 -1957
 -2477
  4368
   406
 -2762
  3552
 -2256
    74
 -1302
 -1292
 -1899
 -7771
 -1876
  1498
  1504
 -1460
  2345
 -1229
  3891
 -2955
  4535
   817
 -3239
  1409
 -6732
   470
  4473
 -1881
 -4846
 -4174
 -1660
 -2644
 -2523
 -4761
  5269
  1675
 -2038
  2378
  -875
    19
   -25
  -559
 -1325
 -2803
 -7006
  1854
  2921
 -2249
 -1012
  4152
 -3553
  -433
 -1799
  2389
  1024
  1414
  2171
 -1245
 -1477
   129
  2215
  1289
 -6312
   684
 -3838
  6338
  5703
  -941
  4651
 -3525
  2562
  3546
 -2661
   897
  8734
 -3014
 -2156
 -1916
  3367
  -431
 -2303
   879
  4118
    24
 -3489
 -4581
  1644
  -706
 -1226
  1612
  3377
   779
  1666
  3510
  2002
   356
 -1022
  8424
  1251
  3081
  -935
  1787
  2152
  1896
   467
  1885
  -456
 -2158
 -6561
 -2313
  4167
 -1497
 -5366
   804
  5399
 -4839
  2782
 -2794
  -862
  -838
  1897
 -2713
  5320
 -2278
  1181
 -2187
  1262
  1076
 -3534
  -468
 -1280
   262
   377
 -1959
 -1552
  5132
   172
   148
 -3380
  1352
  -151
  2159
  5492
 -3380
  -649
 -1607
   255
   455
   -47
  2697
  1206
  2696
  4825
  -519
  1465
  1477
  1058
  3648
  7717
 -1209
 -5240
  -272
  2905
  -651
  2398
  1848
  3042
 -2318
 -1942
  2266
  5607
 -4975
 -4148
 -2132
  4502
  7174
 -2765
 -6543
  3810
 -1616
  2035
  1531
 -3081
  4433
  2599
  3989
 -3014
  1396
  1919
 -3585
  -644
  -394
 -1259
 -1171
  1699
 -3453
  1431
  1039
  2418
 -1664
    61
 -1555
  4615
   399
  1141
  3433
 -6372
  3064
 -3759
 -2017
 -4283
 -3019
  4837
 -6747
  3964
 -8184
 -1416
  1220
  1682
 -1082
  1644
  -892
 -2764
   626
 -2366
 -4036
  1987
   291
 -7627
  1489
 -1313
  1113
  1436
  7336
  4722
 -2944
 -3957
 -5817
 -2057
 -4513
   914
  2552
 -1895
   793
   336
  3798
  4864
  3212
  -758
   274
 -2451
  -881
    12
  3048
  -390
 -5214
 -2458
 -5214
  -212
 -3304
  -796
 -1828
  4216
  -280
 -1477
 -3043
  1228
  -414
 -1985
  4259
  3636
 -4412
  -900
  -876
  1288
  -828
   508
  2216
 -3178
 -3570
  3870
   150
 -3841
  -727
 -1410
   730
   588
 -1374
  2348
  2702
 -2294
  2090
 -1325
  -535
   886
 -2504
 -3173
 -4797
  -670
  5430
  3169
  3123
  -585
 -3713
 -2016
 -1146
   268
  -252
  2638
  1446
  2222
  1670
   254
 -1158
 -5099
 -1063
  1503
 -4201
  3297
 -3413
 -4375
 -1317
   119
  2777
 -3708
 -4852
  3485
  3949
 -3367
   921
 -7469
  1041
   398
  2946
  1836
 -2632
  -742
  -110
 -1339
 -1335
  4755
  -761
   651
  1133
 -1402
  2094
 -4796
   538
 -4022
  2004
 -7284
  -232
 -3482
 -1374
   -77
   217
 -2511
 -1945
  2019
 -2217
 -1948
 -2098
   354
 -1354
  1707
  4753
 -3280
  1116
   938
  1882
  -818
  1952
 -1323
  1653
   671
  6535
  3794
   416
   534
 -1566
 -1696
 -2184
   -95
 -5605
 -1253
   -79
 -1523
 -2855
   873
 -3591
 -5637
 -1995
  1094
 -1734
 -4808
   712
   544
 -3968
  3716
  2004
   639
  4289
  1536
  3696
 -4626
 -4174
 -2387
   725
  4353
 -1739
  5971
 -2095
 -1808
  1100
  3600
 -3948
  3135
 -2499
 -1724
 -3688
  1863
   861
 -3072
 -2676
 -1219
   327
 -1928
  2432
  2793
 -1649
 -2723
  -423
   629
  1645
   468
 -1436
  2893
  5395
 -1249
  1979
 -2431
 -5055
    26
 -1288
  3438
  1524
 -3105
    95
 -3176
  -394
  2803
 -2943
   229
  1803
  -501
  3145
  1355
  -519
  1026
 -3372
  1103
 -5821
 -3711
 -1989
 -1708
  -612
  4218
 -2708
  3677
  6609
  1770
 -5296
  2092
 -1522
 -1556
 -2056
 -1674
 -5086
 -2223
 -1399
 -2311
 -2627
 -4339
   -21
   750
 -1726
 -4557
 -1053
  -364
 -5166
 -1142
 -1840
 -1190
 -1400
  1406
 -4322
  1886
 -6586
   738
  -948
   860
  -594
 -1178
  4216
  1154
   752
  2182
 -3716
 -3706
  3552
   946
  4106
 -3204
  -664
   784
   392
 -2168
  -400
 -2826
 -3758
 -5427
  -149
  1036
  3212
  -120
 -1088
 -5954
  2540
 -2351
 -7727
 -2769
 -5597
 -6424
  -774
 -4396
 -1984
  1448
  1660
 -1492
    14
 -3953
  1903
  4920
 -4224
  -138
  4950
   511
   277
  1650
   646
    23
  2487
  -698
   -48
 -1003
 -4847
  1661
  1401
  4056
 -1624
  2829
 -2197
 -6271
  -429
 -1336
  1956
  5402
  3614
  1104
 -3076
 -1085
 -1035
  2074
 -7198
 -1833
 -1813
 -4616
 -2586
  -475
   107
 -2630
  2166
  -675
 -4409
  1579
  -475
  3017
  1031
 -1006
  2890
  1477
  4123
  -463
 -1625
   822
  -590
 -1969
 -2015
   -12
  1532
  1206
  2466
  3199
  1081
  1842
 -3394
  3518
  4542
   291
  -319
  -655
  -427
   -71
 -5575
 -6184
  -388
  2299
  1557
   620
 -1562
 -5761
  -861
  -816
 -1500
  1271
  4701
 -2284
   210
   774
  3476
   -13
  3635
  3449
 -3795
 -1890
 -1730
 -2857
  2249
  1933
 -1629
  1858
  -418
  2452
    52
 -1729
  2577
   285
  1031
  -129
   993
  3087
  1353
  -571
   -89
  2348
   718
  4983
  3795
 -2812
  1818
 -1096
  5646
  5088
  2390
  -997
 -4709
  1506
   560
 -1488
  3162
 -1514
  3612
 -6916
  5986
  1569
   -17
  -379
  -141
  -444
  1008
 -1617
  3089
 -2989
-10915
  3892
   560
 -4585
 -1039
   631
 -4155
 -1512
  4996
  3699
 -4203
  1595
  2025
 -4457
 -2123
  1594
  6304
 -1838
 -2052
    53
 -3965
  -324
  -304
  3625
 -5811
  -910
 -4892
 -2387
   719
   180
  2692
  2309
  2781
 -2605
  1063
  2012
 -2644
  1555
  -915
  -468
 -1512
 -5039
  5523
 -1975
   783
 -1228
  4204
   671
   553
  1624
  2872
 -8073
 -3021
  3972
  1938
  -155
 -4925
  2876
  1380
  -777
 -4289
   239
 -2149
  -770
 -4132
 -2816
 -1138
  1207
  3657
  2285
 -2489
   916
 -1288
   172
 -1436
  4576
   334
 -1141
 -2153
  -479
 -2193
 -1423
 -2737
 -1629
  6319
   326
   492
  4300
 -1264
  -614
 -5290
  3879
   -25
 -2303
 -2671
  7372
 -2636
 -1737
   361
 -4100
 -5936
 -1536
  6576
  4717
  5069
  1313
  3225
 -5274
  3088
   -76
  3058
 -2832
   534
   339
  1291
 -1086
  -120
  -419
   613
  4459
 -1937
   244
  2318
   541
  1901
  2644
 -1074
 -1574
  1702
  2140
   320
  1385
 -1869
 -3148
  4424
     6
    16
  4749
 -2659
  -215
  7279
  2500
  1008
  1206
 -1638
  5814
   -26
  1850
  3292
 -2076
  4290
 -1683
  1029
  1867
  2287
   389
  -399
  1093
   241
 -1271
  2989
  1608
  1454
 -2129
  1111
  2382
   -20
  3154
  2520
  1334
 -1000
  4370
  1368
  -471
 -4547
 -5161
 -1179
  1433
 -1405
   779
  3779
 -2579
  1897
  1805
  5667
     5
  1751
  2348
 -1266
   526
  3336
   429
 -1637
     8
  -336
  2645
  2665
 -2529
 -5581
   206
 -1860
  7302
  2144
 -1669
  2517
  1327
 -1135
  2644
  1750
 -1378
 -1144
  3940
 -7024
  6426
  1474
  -525
 -1103
 -1562
 -2874
 -3428
   696
   313
   455
  2789
   397
 -2941
 -2601
 -5000
 -5690
  -286
  3656
 -3411
   647
  1864
  -308
  2136
  3172
 -3011
  1583
  -211
  3561
 -1053
 -1265
 -2298
 -3568
   994
  5732
  -413
  1361
  -591
  5367
 -6056
 -3418
  3335
  -401
 -1973
  2459
 -7709
 -3237
   857
  3827
  -943
  -345
  -918
   920
  3373
 -5443
 -3239
  -335
 -1857
 -2117
 -3202
   102
 -2212
   668
  -706
  4802
 -1806
   446
 -3666
  -828
 -1228
 -5998
   586
 -1728
  2704
  3538
 -2215
   851
 -1306
 -2134
 -1946
 -2550
  2480
  7088
    47
  1249
 -3671
  2079
 -3814
  5614
  4554
  3218
  2401
 -3139
  2238
   680
 -1179
  1895
  -582
  2610
   -84
  -968
  2617
   107
 -2129
  -119
 -2129
 -6267
 -1887
   205
 -2621
  -221
  -213
 -3631
 -1989
  -603
  -478
 -3438
 -4442
  1106
  -214
 -2496
  -962
 -3376
  1592
 -2014
 -1211
   193
  1096
  1590
  1224
 -2510
   562
 -4054
 -4643
 -4193
   485
 -2019
  6827
  -625
  4921
    -3
  3277
 -3119
  4085
  5759
  8085
 -1025
 -1372
 -7888
   125
   423
  2326
   886
 -4236
  2380
 -3295
   235
 -1877
  4701
  -996
 -2986
 -3172
  1918
  2885
 -4755
 -2037
 -5137
 -1938
 -1082
 -1538
    50
  -176
   630
  1769
 -2715
 -3114
  2450
  4938
  2458
   292
 -2466
  3035
  -305
 -2574
 -2576
 -1932
 -2438
 -3143
 -1561
  4618
   414
  -756
  1614
  4461
  1397
  1503
   477
 -5383
   287
  -319
 -2893
 -3975
  4127
 -4270
  2900
 -4205
 -2581
  3106
  5248
  2772
 -6146
 -1140
  3952
   933
   947
 -4821
 -2889
  3861
  4537
 -2136
 -8490
  1312
  3370
   236
 -2220
 -1034
   234
   305
 -1513
 -1086
  2174
 -2051
  2887
   574
  -266
  4620
  5622
  -287
   125
  4250
 -3468
  1576
  2394
  3020
  1224
  3796
   624
  2464
  9374
  1367
  1827
 -1467
  3817
  -859
  3597
   925
  1671
 -2981
 -2195
 -2159
   915
  2025
 -1833
   790
 -3968
 -2035
  -243
   404
  -230
   708
 -2050
 -2687
  3621
  2426
 -1872
 -1518
  6024
  5266
 -1084
 -2313
   485
  3134
  1598
 -3335
 -2431
   235
  1459
  1223
  -691
  2998
  3302
 -4127
 -7857
   711
 -1223
 -6401
  3791
  9280
 -5078
  1767
 -2719
  5947
  2933
  4731
  1275
 -1111
   265
 -1610
  -454
  1905
  1991
 -1981
 -3115
   364
 -2964
  3558
 -2606
   768
   472
  1489
 -1435
 -3703
  4105
  1468
 -3326
  3968
   610
   618
  5576
 -3932
   274
  2703
   -97
  2175
  3763
  6721
 -3215
  -189
   175
  5011
 -6591
  2471
   921
 -1034
  -576
   502
  7700
 -2159
  9607
  1962
 -3562
  -854
 -1936
  1455
 -2337
 -2230
 -4836
 -3005
 -2225
  1516
 -1674
  2729
   229
  2202
 -1464
   183
  1655
  -924
 -4304
   349
  -329
  2529
  -865
 -2899
 -1325
   759
  -457
   259
 -2225
 -1607
  7893
  1700
 -4922
  1947
  1287
 -3565
  1951
   258
 -1144
  1894
 -1036
 -1253
  6783
  -960
 -2138
  2383
 -1715
   802
  2474
 -1847
 -3355
 -3502
  -628
  -569
  2009
  -513
  5029
 -3191
 -1659
  5782
 -1472
 -1463
  -869
 -2239
   359
   415
   361
  1389
  4859
  3653
 -3597
  -562
 -1574
   -11
  2165
   530
 -6396
   579
   303
  4042
   756
 -2252
 -1082
  1618
   108
  2964
    28
 -3386
 -1086
  2442
 -8348
  1161
 -3927
 -2569
 -4129
 -3577
  1779
  1762
 -3482
   -52
 -1612
  3297
  2307
   887
   733
   -63
  -751
  -951
 -3703
  5347
  4175
 -4469
  4959
  -634
  1690
   201
 -1181
 -3464
  -578
 -6847
  -787
  5476
 -1204
 -2303
  -289
 -2694
  1460
  1424
 -1182
   932
 -3056
  2897
  3947
   793
  -483
 -3231
 -2743
 -3073
 -1249
 -1504
 -1394
 -2386
  -416
  -585
  -273
 -2751
   693
  7519
  2587
  -619
   895
  4934
 -3578
   -40
   260
  4176
  1072
  -267
 -2677
 -3967
  -925
   424
 -3436
  1462
  3678
  5669
 -1613
 -1020
  1660
  -596
  2862
  2253
  2101
  3379
  2017
  3164
  1228
   689
  1611
  2756
  5444
 -5140
 -2262
  1999
   271
 -3565
 -2171
  2680
  -740
 -1431
  4105
 -2158
 -1128
  2382
  3834
 -1065
 -3731
  7669
 -2207
    24
  -242
  2045
 -2257
  3267
  2909
   186
  2872
  2644
   790
  -118
 -1152
  2662
 -1764
  5117
 -1001
 -1258
  3386
  3167
  -171
 -2829
  3353
  1336
   174
  -567
  2289
 -4622
 -4114
 -2811
 -1053
  2659
    -7
  2862
 -3170
  2460
 -1200
   599
 -2807
  2561
  -413
  1633
 -2817
 -1319
 -2779
  2946
  1052
    17
  2431
  2101
  3271
 -3202
  2740
  1210
 -2292
  -361
   753
 -1656
 -3888
  -969
   321
   200
  3184
   426
  2558
  -328
  1120
  6338
  -314
  -919
  2647
  5032
   986
  3414
 -2256
  -309
 -4445
  -804
 -1734
  1589
 -5763
  -783
  1697
 -2514
  2690
  -629
 -3755
 -3366
  -380
 -2819
  -371
  1660
   202
 -3912
  -694
 -3600
 -2330
    95
  -317
  -805
   255
  2842
  3276
    -6
   384
 -1814
  6220
  3709
 -1713
 -1884
 -1432
  1311
 -1329
  -228
 -1666
   -42
 -1062
 -3627
 -1413
  3356
    92
 -1877
   429
   746
  4420
  2207
 -2101
  1286
 -2234
 -3470
  -278
  5432
  -358
  3183
 -5817
 -5137
  1063
  1351
  4011
  2422
 -2462
 -3480
 -2744
 -1533
  2451
  -528
 -2774
  3088
   -58
  1889
   821
  1007
  2867
   346
  -592
 -1797
   317
  -384
 -2520
  3966
   268
 -3945
 -2785
  4264
   466
  4560
  7018
  2683
  -275
   816
  3076
  6285
  1121
   600
 -1926
  3064
  3822
  1970
   944
 -2598
 -3228
 -7122
  2100
  1538
 -2244
 -2739
 -3459
 -2892
  -152
 -3117
  1861
  6846
    22
  2104
  2544
    19
  2213
 -1561
 -5483
 -3909
  2477
 -4101
 -1367
  -649
  -137
  2402
 -4672
  3779
  -233
 -2988
 -3878
 -3420
  2936
   339
 -1735
   978
   966
   929
 -3145
 -1806
   982
  2212
  -752
 -2803
 -2847
   589
  3345
   743
  2323
  2135
  1299
  1990
  2012
 -1565
 -4593
 -1388
 -1760
    64
 -2132
 -1423
 -1629
  6722
   938
  -544
 -2554
 -2731
  4141
  1630
 -3618
  1409
  -453
 -4143
  3047
  -644
   652
  2541
 -3797
  2752
 -1776
 -2432
  3082
  1359
  3255
 -3782
   838
  5846
  -142
  2407
 -5571
  -577
  -987
  3504
  3212
 -3101
 -1127
 -1436
 -1620
  2038
 -2478
 -4351
   735
  3370
 -6178
  -767
  2291
 -3943
  4167
   631
  5331
  2392
  1506
   185
 -2155
   374
 -1704
  3195
  1389
   201
 -2821
 -2819
  2941
  7294
 -3656
  1262
  6312
   508
 -2746
 -3020
   -26
 -3611
  2873
  -708
  1614
  1677
  1417
  6807
  -913
   801
  1017
 -2681
 -2429
  2885
 -2639
  -845
 -3567
 -1849
  2201
  1296
 -1716
 -3351
 -4969
 -1275
   671
 -4975
  4103
 -4540
 -3654
  1319
 -4265
  -720
  -240
  5418
  1626
   588
   490
 -1392
  -290
  -670
   156
  6151
  2339
   597
  -509
  3118
 -1374
   263
  -509
  -899
  2185
 -3732
  2786
    40
   698
 -1455
 -1253
  -827
  -965
 -5435
  1439
  -883
  3899
   881
 -2571
 -5782
 -1348
   430
 -5864
  3042
 -3676
 -1967
  -887
  4125
  -851
  3656
 -6098
 -7413
 -4373
  5066
 -1268
 -3061
   375
  2215
  3679
 -3194
 -2180
 -1074
  -476
   606
  1436
   -57
  1751
 -2361
 -6705
  1364
 -4920
 -3806
   986
 -4789
  1783
  2776
  2430
  -970
  2112
  1560
  1082
  -828
 -3514
   878
 -2264
  1979
 -1037
 -3647
  3977
  2454
 -4316
 -1496
  2638
   424
 -1360
 -2576
  5036
 -2534
  -512
 -3074
  2060
  6025
 -1861
 -3292
 -2384
  -502
 -1422
 -1508
  -824
  1434
 -3754
 -2849
 -2331
 -2125
  -835
 -2671
  2267
  2372
  -504
  -652
 -4580
 -3727
 -2557
  2200
 -2760
 -4684
 -1148
  4910
  -674
 -1383
  3599
  1575
 -1363
  4056
   814
   824
  -474
 -1901
 -1171
  4605
  1615
  2667
 -2651
  3626
  1898
  2022
  2348
  2779
  1071
  4375
 -2387
 -1745
   241
  1031
  1805
 -2355
  3211
 -2683
 -4249
    88
   452
 -3065
 -1495
 -2791
  4031
  -879
  2681
   650
   156
   357
 -4671
 -3670
  2560
  2332
 -1012
   212
 -1676
  1145
 -2717
   460
 -2456
  -336
  1716
  -627
 -4509
  3332
   976
  3170
  7462
   743
  2911
 -1091
 -4427
   752
 -7398
 -4415
 -2427
  2349
 -1773
 -1420
  4072
  3742
 -4900
  1633
  -655
  3554
  -186
 -6542
  -178
 -1340
    18
   785
  -783
   941
  5029
 -3991
  1841
  2100
   488
  3653
   915
  3077
  -247
 -4860
 -2862
 -1522
  3528
  -153
 -3809
  3921
  2767
  4876
 -1476
 -3342
  -856
   -92
  3194
 -1913
  -279
  -758
  1434
  3953
  4709
 -3694
 -3620
  3478
 -1094
 -2940
  4472
  -657
  3231
 -7773
  2203
   321
 -1875
  7296
  1890
  1379
  3257
  6303
  1629
  3748
  -506
  -232
  2006
 -4445
  -943
   420
 -6920
  -998
  4256
  -908
  2282
  2942
  4554
 -2773
  2541
  1437
  4021
 -1306
 -7000
 -1154
  -548
   981
 -2359
  -545
  7661
 -2579
  -553
 -2600
  3586
  -965
  1643
  2978
  -796
 -1071
  1953
 -2705
  -309
   -53
  1091
   -30
  1358
  1797
   -73
  2010
   294
 -4802
 -1714
  -935
  -603
  5090
 -2960
   817
   995
 -4240
  -716
  -860
   344
 -1860
  1752
 -1618
  4396
  -373
 -2493
  3463
  1287
  2752
 -2022
  1559
  2793
  2278
  4570
 -4924
 -3424
 -2158
 -3534
 -1058
  1850
 -2217
 -6623
  -826
  3106
  2779
  9613
 -3131
   167
   451
  2633
  1215
 -6357
  1433
  -831
   382
 -3954
  2975
   801
  1174
 -2966
  1450
  -338
   190
  6370
  -163
  5531
  5556
  4522
   822
  3128
   270
  3282
  1631
  -563
  -592
  1452
 -1174
 -2670
   922
 -5468
 -1938
 -2620
 -1509
 -2127
  3495
 -2463
  2509
   493
  1015
 -1349
 -6792
   662
  3402
 -1684
  7359
 -8147
 -5637
 -4875
  1763
 -1475
  6665
 -2913
  1545
 -1647
  2836
 -4110
   263
   143
 -1435
 -1291
   -14
  3608
   486
   328
  1456
 -1578
  6875
   399
  2019
 -4281
  1729
  1053
 -3006
 -1840
  1438
   840
  -784
  -990
  1770
   644
    50
  1604
   103
 -7925
  1600
   944
  3362
  3590
 -2713
  2839
   402
  1476
  -795
  -973
   143
 -1435
   777
  -629
 -1978
  -286
  1932
 -3274
  1314
  2072
 -4690
 -4024
  6394
 -1332
   694
  8630
   862
  2402
   587
  2185
  3139
  5393
  -421
 -9755
   662
   954
  1638
   656
   339
   551
 -3712
  2668
  1396
 -2280
  -889
   -35
  3975
  2081
  6904
  5470
 -3318
  1220
  5530
 -3314
 -4574
 -2090
  3039
 -1849
   551
  2979
  1254
  1444
 -3111
 -1759
 -5379
 -3839
  1292
  4554
   597
   105
  -757
   519
  -435
 -1057
  5030
  -730
 -2131
  4915
   184
   584
 -1390
  4200
  3734
  -968
  1600
  -316
   423
  1389
 -1586
 -3902
  3038
  3602
   -99
  -495
  -845
 -1173
  2081
  -813
  4405
  -933
  1436
  1002
  -463
  -379
   932
   498
 -2287
 -2547
 -5040
 -4170
  -317
  2511
 -2012
  1050
  2375
  4971
 -5655
  1611
  1004
 -3760
  3753
 -5211
 -5364
  3278
 -1170
  1370
 -1817
   -71
  4364
   622
 -4007
 -2427
  5284
 -3096
 -1781
  3737
  4122
  1974
 -3151
  1167
   455
 -2309
  2331
  5643
   670
  -116
 -2526
  1220
   948
  3434
  1517
  1321
 -2496
 -1372
 -4605
   589
 -2756
  -972
  1328
   412
  1492
 -1200
 -4673
 -1303
  1549
   241
 -1733
 -3141
  2687
   839
 -1219
  4321
  -147
  1483
   789
  3803
  -296
   846
  5143
  3419
 -5698
  2662
  3485
 -6221
  2268
 -6078
   341
  1625
 -2268
   922
 -4201
  2243
 -4442
 -2410
 -1195
  4951
  6508
 -4094
  3568
 -2342
 -1419
 -1355
  -873
  2263
  2269
  2617
  3145
  4593
  3824
 -4288
 -3116
  2948
  1121
  4699
  1589
 -1553
  -669
   441
 -5352
  6052
 -1478
 -1286
  2292
    28
  1225
 -2387
 -1124
  4514
  -661
  3877
   158
   134
 -1903
  1145
 -1216
  -422
   720
   678
 -2119
 -2603
 -1785
  2425
   801
 -4349
 -3688
 -2940
 -4668
 -2280
  4500
   568
  2173
 -3161
  -396
    58
  -988
  3594
  1500
 -1884
   437
  2223
   -65
  -259
   838
  -810
 -1947
  1601
  -783
  -943
    13
  -177
  2316
 -1916
   415
 -2475
   728
  3384
 -2522
 -1890
  6232
 -5844
  5186
 -1876
 -4236
 -1338
 -7537
  1217
 -2715
 -3273
   500
 -3126
 -2326
 -1356
   580
 -1924
  3361
  1499
  1629
 -2165
 -3062
   554
 -1063
   345
 -2382
 -1908
  2647
  2803
   420
   290
   310
  1638
 -7316
  -488
  3472
  1594
 -2234
   176
  1465
 -3991
   485
  4341
 -4766
  2196
  -345
 -2193
   504
  3948
 -3188
 -2236
  3886
 -3676
 -1615
 -2543
 -4446
  -376
   625
 -1471
  3168
    40
  -177
 -2867
  2923
  4309
  3150
 -3166
 -1260
  4848
  2184
   308
   373
  1221
 -1213
  2891
 -1607
 -3245
  1325
  1063
 -3049
 -2203
 -3557
 -2175
 -2088
 -5496
  3396
  2316
  -528
  -622
  1396
  3642
 -1287
  3095
  -512
 -2368
 -1021
  -821
  -200
    42
  2904
  -466
  1879
 -2685
 -2001
 -1769
   -43
 -1891
  2625
  1757
 -1268
 -3178
 -1610
   170
 -2133
 -3571
  1314
 -2108
 -6018
 -8980
   634
  1186
 -1167
 -7085
   906
   -32
  2098
  4220
  2311
  -647
 -1152
  4908
 -1804
   -36
   628
   120
  1840
  2950
 -3461
  4767
 -2474
  2510
 -3753
  2445
  4085
 -2591
   568
 -2278
 -1671
 -5277
  3532
 -2568
  1362
 -3032
 -5283
  1621
  -875
 -3439
 -4317
 -6093
  1289
   691
 -1704
  2420
 -1392
   832
   654
 -4110
  5262
  -278
  3978
 -1358
  -761
 -2287
  -220
  1792
 -2702
  2914
   131
   185
  2334
 -1706
 -1386
   198
  -743
  -189
  2003
  1229
 -1460
  1186
  5710
  -416
  -432
  -552
  -288
  3360
  6246
   344
   864
 -2062
  1111
 -3419
 -1615
  3403
   790
   144
   211
   959
  5007
 -1821
  1891
  1355
 -4823
    65
 -6177
 -2425
  2426
 -3010
  2660
 -2444
  3053
  1057
 -2731
 -1683
  4011
 -1861
 -1222
  3060
  -134
   442
 -3123
  2955
   514
 -3268
  1060
 -4042
   267
  1653
  3090
  1238
 -3827
  4297
   736
 -2430
  1017
 -1541
  3877
  -113
  1142
 -4478
  2146
 -1810
 -3165
 -2207
  -218
 -3586
   349
  2871
  3175
  3401
  -927
  1115
  4160
    16
